0.279242 -0.002437
0.349039 -0.003960
0.418828 -0.005787
0.488608 -0.007919
0.558379 -0.010356
0.593262 -0.011650
0.663021 -0.014391
0.697898 -0.015838
0.732768 -0.017436
0.802500 -0.020786
0.837363 -0.022537
0.872218 -0.024439
0.907064 -0.026494
0.976747 -0.030756
0.976747 -0.030756
1.011583 -0.032963
1.046410 -0.035322
1.046410 -0.035322
1.081226 -0.037833
1.116042 -0.040344
1.150859 -0.042855
1.150859 -0.042855
1.185663 -0.045518
1.185663 -0.045518
1.185663 -0.045518
1.220456 -0.048333
1.220456 -0.048333
1.220456 -0.048333
1.220456 -0.048333
1.255237 -0.051299
1.290017 -0.054265
1.290017 -0.054265
1.290017 -0.054265
1.324810 -0.057080
1.324810 -0.057080
1.324810 -0.057080
1.359615 -0.059743
1.394431 -0.062254
1.394431 -0.062254
1.394431 -0.062254
1.429258 -0.064613
1.464094 -0.066820
1.464094 -0.066820
1.498940 -0.068875
1.464086 -0.066972
1.498948 -0.068723
1.498948 -0.068723
1.533818 -0.070321
1.568695 -0.071768
1.568695 -0.071768
1.568695 -0.071768
1.603587 -0.072758
1.568691 -0.071920
1.603591 -0.072606
1.638497 -0.072682
1.673400 -0.072149
1.673400 -0.072149
1.673400 -0.072149
1.673400 -0.072149
1.708292 -0.071159
1.673404 -0.072301
1.708287 -0.071007
1.708287 -0.071007
1.743164 -0.069560
1.743164 -0.069560
1.778033 -0.067961
1.812896 -0.066211
1.812896 -0.066211
1.812896 -0.066211
1.847733 -0.064004
1.847733 -0.064004
1.882560 -0.061645
1.917376 -0.059134
1.952181 -0.056471
1.952181 -0.056471
1.986974 -0.053656
2.021754 -0.050690
2.056521 -0.047572
2.091274 -0.044302
2.126013 -0.040880
2.160736 -0.037307
2.195443 -0.033583
2.230134 -0.029707
2.264807 -0.025680
2.299463 -0.021501
2.334100 -0.017172
2.368718 -0.012691
2.403316 -0.008059
2.437893 -0.003277
2.472449 0.001657
2.506984 0.006741
2.541496 0.011976
2.575984 0.017361
2.610449 0.022897
2.644889 0.028583
2.679305 0.034419
2.713694 0.040406
2.748057 0.046542
2.782393 0.052829
2.816701 0.059265
2.816701 0.059265
2.885232 0.072586
2.885232 0.072586
2.953643 0.086504
2.953643 0.086504
3.021931 0.101019
3.021931 0.101019
3.056026 0.108500
3.090089 0.116130
3.192073 0.139909
3.192073 0.139909
3.225998 0.148132
3.259886 0.156502
3.293737 0.165021
3.327551 0.173687
3.361326 0.182501
3.395063 0.191462
3.395063 0.191462
3.428679 0.200863
3.462255 0.210412
3.462255 0.210412
3.529279 0.229948
3.529279 0.229948
3.529279 0.229948
3.562638 0.240226
3.595952 0.250650
3.629220 0.261219
3.662441 0.271934
3.695616 0.282793
3.695616 0.282793
3.728645 0.294085
3.761625 0.305522
3.761625 0.305522
3.827434 0.328826
3.794607 0.316959
3.827382 0.328969
3.860105 0.341122
3.892774 0.353418
3.925390 0.365856
3.925390 0.365856
3.957839 0.378720
3.990232 0.391726
4.022569 0.404873
4.022569 0.404873
4.054730 0.418442
4.086832 0.432151
4.086832 0.432151
4.150855 0.459989
4.118935 0.445861
4.150793 0.460128
4.182588 0.474534
4.214320 0.489079
4.214320 0.489079
4.245859 0.504038
4.277332 0.519134
4.308739 0.534368
4.308739 0.534368
4.308739 0.534368
4.339944 0.550011
4.371081 0.565791
4.402148 0.581706
4.402148 0.581706
4.402148 0.581706
4.463789 0.614481
4.463789 0.614481
4.494502 0.631070
4.525069 0.647926
4.555487 0.665049
4.585831 0.682304
4.616099 0.699691
4.646291 0.717211
4.646291 0.717211
4.646291 0.717211
4.676251 0.735124
4.706132 0.753167
4.735935 0.771341
4.765657 0.789644
4.795300 0.808077
4.795300 0.808077
4.795300 0.808077
4.824699 0.826897
4.854015 0.845844
4.883249 0.864920
4.912399 0.884122
4.941465 0.903452
4.941465 0.903452
4.970446 0.922908
4.999342 0.942491
5.028153 0.962199
5.056877 0.982033
5.085515 1.001993
5.085515 1.001993
5.114065 1.022077
5.142527 1.042285
5.170900 1.062617
5.199185 1.083073
5.199185 1.083073
5.255486 1.124354
5.255486 1.124354
5.283500 1.145179
5.311424 1.166125
5.339255 1.187193
5.366995 1.208383
5.394642 1.229693
5.394642 1.229693
5.422195 1.251123
5.449655 1.272674
5.477021 1.294344
5.504292 1.316134
5.531467 1.338042
5.531467 1.338042
5.585530 1.382213
5.585530 1.382213
5.666189 1.448999
5.666189 1.448999
5.692977 1.471378
5.719668 1.493874
5.746261 1.516486
5.772755 1.539214
5.799149 1.562057
5.825443 1.585015
5.851637 1.608088
5.877730 1.631275
6.107959 1.845029
6.133016 1.869332
6.157966 1.893744
6.182810 1.918264
6.182810 1.918264
6.232175 1.967630
6.232175 1.967630
6.256696 1.992473
6.281108 2.017424
6.305411 2.042480
6.329604 2.067643
6.353687 2.092911
6.377660 2.118283
6.401522 2.143760
6.401522 2.143760
6.425272 2.169341
6.448911 2.195025
6.472437 2.220813
6.495851 2.246702
6.519152 2.272694
6.542338 2.298787
6.565411 2.324980
6.588369 2.351275
6.611213 2.377669
6.633941 2.404162
6.679049 2.457446
6.701427 2.484235
6.723690 2.511121
6.745834 2.538104
6.767860 2.565184
6.789769 2.592359
6.811558 2.619630
6.833229 2.646996
6.854779 2.674455
6.876210 2.702009
6.897520 2.729656
6.939778 2.785227
6.960724 2.813150
6.981549 2.841165
7.002251 2.869270
7.022830 2.897465
7.043286 2.925750
7.063618 2.954123
7.083827 2.982586
7.123870 3.039773
7.123870 3.039773
7.163413 3.097308
7.182995 3.126204
7.202452 3.155185
7.221781 3.184252
7.240984 3.213402
7.260059 3.242635
7.279007 3.271951
7.297826 3.301350
7.335080 3.360393
7.353513 3.390036
7.371816 3.419759
7.425947 3.509403
7.443729 3.539441
7.461380 3.569556
7.478899 3.599748
7.496286 3.630016
7.530664 3.690778
7.547654 3.721272
7.564510 3.751838
7.581234 3.782478
7.597823 3.813191
7.614277 3.843976
7.646783 3.905760
7.662834 3.936757
7.678749 3.967825
7.694528 3.998961
7.710172 4.030166
7.725679 4.061439
7.741049 4.092779
7.756283 4.124186
7.786338 4.187198
7.801159 4.218802
7.815843 4.250470
7.830388 4.282202
7.844794 4.313997
7.859061 4.345855
7.873189 4.377774
7.887178 4.409755
7.914737 4.473899
7.928306 4.506060
7.941734 4.538280
7.955022 4.570559
7.968169 4.602895
7.981175 4.635289
8.006762 4.700244
8.006762 4.700244
8.031780 4.765420
8.044076 4.798089
8.056230 4.830812
8.068240 4.863587
8.080108 4.896414
8.091831 4.929293
8.103412 4.962223
8.114848 4.995203
8.126141 5.028233
8.137289 5.061311
8.159152 5.127613
8.169867 5.160834
8.180436 5.194102
8.190860 5.227416
8.211562 5.294089
8.221841 5.327448
8.231974 5.360851
8.251801 5.427790
8.261497 5.461323
8.271045 5.494898
8.280447 5.528514
8.299104 5.595788
8.326428 5.696880
8.335242 5.730656
8.352722 5.798245
8.361388 5.832058
8.369906 5.865910
8.378277 5.899797
8.394871 5.967610
8.403093 6.001534
8.411168 6.035494
8.427170 6.103448
8.435097 6.137443
8.442875 6.171472
8.458282 6.239564
8.465912 6.273626
8.473392 6.307722
8.480724 6.341850
8.495239 6.410137
8.502422 6.444297
8.509457 6.478487
8.523376 6.546899
8.530260 6.581120
8.536996 6.615371
8.543582 6.649651
8.550018 6.683959
8.556305 6.718294
8.568728 6.786993
8.574865 6.821356
8.580852 6.855745
8.586688 6.890161
8.592374 6.924601
8.597910 6.959066
8.603295 6.993555
8.608530 7.028067
8.613614 7.062601
8.618547 7.097157
8.627962 7.166333
8.627962 7.166333
8.636773 7.235588
8.636773 7.235588
8.644979 7.304917
8.644979 7.304917
8.652883 7.374281
8.656758 7.408972
8.660483 7.443679
8.664057 7.478403
8.667479 7.513141
8.670749 7.547894
8.673867 7.582662
8.676834 7.617442
8.682615 7.687016
8.685431 7.721808
8.688093 7.756613
8.690604 7.791430
8.692964 7.826256
8.695170 7.861093
8.697226 7.895939
8.701183 7.965640
8.706436 8.070228
8.707883 8.105104
8.709177 8.139987
8.710320 8.174875
8.712452 8.244656
8.713442 8.279548
8.714279 8.314445
8.714965 8.349344
8.715498 8.384247
8.716413 8.454054
8.717022 8.523865
8.717022 8.523865
8.717022 8.593678
8.716946 8.628584
8.716641 8.698397
8.716641 8.698397
8.715500 8.803110
8.715500 8.803110
8.714282 8.872912
8.714282 8.872912
8.711770 8.977602
8.711770 8.977602
8.709639 9.047382
8.708344 9.082265
8.705604 9.152024
8.704157 9.186901
8.702559 9.221771
8.700808 9.256634
8.698905 9.291489
8.694947 9.361190
8.692892 9.396036
8.690685 9.430873
8.688327 9.465700
8.683457 9.535343
8.680946 9.570159
8.678284 9.604964
8.675469 9.639757
8.672503 9.674538
8.666419 9.744085
8.663301 9.778852
8.660032 9.813605
8.649769 9.917821
8.649769 9.917821
8.642471 9.987251
8.638596 10.021942
8.630692 10.091307
8.626665 10.125980
8.622487 10.160636
8.613979 10.229929
8.609650 10.264566
8.605169 10.299184
8.596057 10.368400
8.591425 10.402998
8.586642 10.437575
8.581709 10.472132
8.566457 10.575735
8.550753 10.679271
8.545367 10.713759
8.534145 10.782665
8.522623 10.851521
8.516787 10.885937
8.510800 10.920326
8.498678 10.989079
8.492542 11.023441
8.486257 11.057777
8.479820 11.092086
8.466799 11.160674
8.460214 11.194954
8.453479 11.229204
8.439859 11.297676
8.432975 11.331897
8.425941 11.366087
8.411725 11.434438
8.404542 11.468597
8.397210 11.502726
8.397210 11.502726
8.374768 11.605013
8.374768 11.605013
8.359361 11.673104
8.351583 11.707133
8.343804 11.741162
8.335878 11.775157
8.319878 11.843112
8.311803 11.877071
8.303580 11.910995
8.286987 11.978808
8.278617 12.012696
8.270099 12.046548
8.252914 12.114213
8.244248 12.148026
8.244248 12.148026
8.217808 12.249353
8.217808 12.249353
8.208847 12.283091
8.199739 12.316788
8.181376 12.384143
8.172122 12.417800
8.162721 12.451417
8.143771 12.518609
8.134223 12.552184
8.134223 12.552184
8.114981 12.619293
8.105287 12.652826
8.095446 12.686317
8.085459 12.719765
8.065339 12.786616
8.055206 12.820020
8.044928 12.853378
8.034649 12.886738
8.013947 12.953411
7.982240 13.053215
7.971526 13.086436
7.960667 13.119611
7.949808 13.152785
7.938949 13.185960
7.927945 13.219087
7.905794 13.285293
7.894646 13.318371
7.883353 13.351400
7.860625 13.417410
7.849188 13.450390
7.826172 13.516300
7.814592 13.549230
7.802868 13.582108
7.779278 13.647815
7.767411 13.680642
7.743534 13.746245
7.731524 13.779021
7.719370 13.811744
7.694921 13.877136
7.682626 13.909805
7.657892 13.975090
7.645454 14.007706
7.620436 14.072882
7.607855 14.105442
7.582553 14.170508
7.569831 14.203014
7.543962 14.267858
7.517809 14.332587
7.504663 14.364923
7.478229 14.429539
7.464941 14.461818
7.438225 14.526317
7.424797 14.558537
7.397800 14.622918
7.384231 14.655080
7.370522 14.687181
7.342964 14.751326
7.329115 14.783367
7.301278 14.847390
7.287290 14.879372
7.259173 14.943273
7.245045 14.975192
7.230778 15.007050
7.202105 15.070703
7.187699 15.102498
7.158748 15.166025
7.144204 15.197758
7.129521 15.229426
7.100017 15.292699
7.085196 15.324303
7.055416 15.387445
7.040457 15.418984
7.010402 15.481997
6.949743 15.607759
6.949743 15.607759
6.903633 15.701780
6.888126 15.733053
6.872483 15.764258
6.841061 15.826600
6.825282 15.857737
6.793588 15.919941
6.777673 15.951009
6.745708 16.013075
6.729657 16.044073
6.697422 16.105999
6.681236 16.136927
6.648731 16.198711
6.632411 16.229568
6.599636 16.291210
6.583181 16.321995
6.566592 16.352707
6.533281 16.414061
6.516558 16.444700
6.482979 16.505907
6.449134 16.566967
6.432145 16.597460
6.398033 16.658371
6.380910 16.688789
6.346533 16.749552
6.329278 16.779896
6.294636 16.840508
6.259730 16.900969
6.242211 16.931160
6.224561 16.961275
6.189128 17.021429
6.135783 17.111544
6.135783 17.111544
6.082045 17.201424
6.082045 17.201424
6.027915 17.291069
6.009742 17.320871
5.973266 17.380398
5.954962 17.410120
5.918226 17.469486
5.899794 17.499128
5.862799 17.558334
5.844237 17.587896
5.788165 17.676338
5.769345 17.705738
5.731579 17.764454
5.712632 17.793770
5.674609 17.852320
5.655534 17.881554
5.617257 17.939938
5.598054 17.969088
5.559522 18.027304
5.540193 18.056370
5.462115 18.172127
5.422824 18.229834
5.383282 18.287369
5.343489 18.344730
5.323530 18.373367
5.283487 18.430555
5.263403 18.459106
5.223112 18.516119
5.202904 18.544580
5.162364 18.601418
5.142032 18.629791
5.080665 18.714645
5.080665 18.714645
5.018928 18.799231
4.998226 18.827335
4.956700 18.883455
4.935876 18.911470
4.894106 18.967409
4.873160 18.995333
4.831146 19.051088
4.810078 19.078920
4.767821 19.134493
4.725322 19.189880
4.682582 19.245081
4.661151 19.272635
4.618171 19.327648
4.596621 19.355108
4.553400 19.409935
4.531730 19.437302
4.488271 19.491938
4.466482 19.519209
4.422784 19.573656
4.400877 19.600832
4.356942 19.655087
4.334916 19.682167
4.290745 19.736231
4.246338 19.790100
4.201697 19.843777
4.179318 19.870565
4.134444 19.924046
4.111948 19.950737
4.066841 20.004021
4.044229 20.030613
3.998889 20.083700
3.953550 20.136787
3.930822 20.163280
3.885251 20.216169
3.862408 20.242563
3.816607 20.295252
3.793649 20.321547
3.747618 20.374035
3.724546 20.400229
3.678287 20.452517
3.631800 20.504602
3.538373 20.608366
3.514959 20.634256
3.444381 20.711618
3.444381 20.711618
3.373466 20.788671
3.349715 20.814253
3.302103 20.865311
3.278242 20.890787
3.230407 20.941637
3.182573 20.992487
3.158600 21.017860
3.110544 21.068502
3.086461 21.093771
3.038185 21.144201
3.013992 21.169365
2.965496 21.219585
2.941194 21.244642
2.892479 21.294649
2.868067 21.319599
2.819135 21.369394
2.794615 21.394238
2.745466 21.443819
2.696316 21.493401
2.671688 21.518137
2.622323 21.567503
2.622323 21.567503
2.548114 21.641390
2.548114 21.641390
2.473584 21.714952
2.473584 21.714952
2.398733 21.788189
2.398733 21.788189
2.323563 21.861097
2.298507 21.885401
2.248288 21.933897
2.223125 21.958090
2.172695 22.006367
2.147428 22.030451
2.096787 22.078508
2.071415 22.102482
1.995297 22.174400
1.969821 22.198263
1.918763 22.245876
1.893182 22.269627
1.867601 22.293377
1.842021 22.317127
1.790756 22.364517
1.739491 22.411907
1.713807 22.435547
1.662335 22.482712
1.636548 22.506239
1.584872 22.553179
1.558982 22.576593
1.455221 22.670023
1.429229 22.693323
1.377145 22.739811
1.351052 22.762999
1.298766 22.809259
1.246479 22.855520
1.220286 22.878593
1.167798 22.924625
1.141504 22.947584
1.088815 22.993385
1.062421 23.016230
1.009534 23.061802
0.956646 23.107374
0.930153 23.130102
0.877067 23.175442
0.823981 23.220781
0.797389 23.243393
0.744105 23.288502
0.690822 23.333611
0.664131 23.356106
0.610652 23.400982
0.557172 23.445858
0.530384 23.468237
0.476709 23.512878
0.449920 23.535257
0.396245 23.579899
0.369359 23.602161
0.288701 23.668949
0.288701 23.668949
0.207752 23.735384
0.180769 23.757528
0.099820 23.823963
0.099820 23.823963
0.045758 23.868135
-0.008305 23.912308
-0.035384 23.934334
-0.089639 23.978270
-0.143893 24.022205
-0.171068 24.044113
-0.225514 24.087811
-0.307326 24.153179
-0.307326 24.153179
-0.389422 24.218191
-0.389422 24.218191
-0.471800 24.282845
-0.499260 24.304396
-0.554273 24.347378
-0.581827 24.368809
-0.636840 24.411791
-0.664393 24.433222
-0.719593 24.475964
-0.747240 24.497274
-0.802626 24.539774
-0.941323 24.645721
-0.969154 24.666790
-1.024909 24.708805
-1.080664 24.750820
-1.108587 24.771767
-1.136510 24.792713
-1.164434 24.813660
-1.220371 24.855431
-1.276309 24.897202
-1.304323 24.918026
-1.360443 24.959553
-1.388548 24.980255
-1.444848 25.021538
-1.501148 25.062820
-1.529343 25.083401
-1.585822 25.124437
-1.642302 25.165474
-1.670587 25.185930
-1.727245 25.226719
-1.755618 25.247051
-1.812454 25.287592
-1.869289 25.328133
-1.926125 25.368673
-1.954587 25.388882
-2.011599 25.429174
-2.068610 25.469467
-2.097160 25.489552
-2.154348 25.529594
-2.211535 25.569637
-2.240172 25.589596
-2.297534 25.629389
-2.354895 25.669182
-2.354895 25.669182
-2.412256 25.708975
-2.469618 25.748768
-2.498342 25.768602
-2.555876 25.808146
-2.613410 25.847689
-2.642221 25.867397
-2.699927 25.906689
-2.757633 25.945980
-2.815340 25.985271
-2.844236 26.004854
-2.902113 26.043894
-2.959991 26.082933
-2.988972 26.102390
-3.047019 26.141176
-3.105066 26.179962
-3.134132 26.199291
-3.192348 26.237823
-3.250563 26.276356
-3.308779 26.314888
-3.396229 26.372498
-3.454612 26.410776
-3.512996 26.449055
-3.542229 26.468130
-3.600779 26.506153
-3.659329 26.544176
-3.688645 26.563124
-3.747360 26.600891
-3.806076 26.638659
-3.864791 26.676426
-3.894189 26.695246
-3.953069 26.732758
-3.982467 26.751577
-4.011866 26.770397
-4.070745 26.807909
-4.129625 26.845421
-4.159105 26.864113
-4.218148 26.901367
-4.277190 26.938622
-4.336233 26.975876
-4.365795 26.994438
-4.424999 27.031435
-4.484204 27.068432
-4.543408 27.105429
-4.573051 27.123861
-4.632416 27.160599
-4.662059 27.179031
-4.721424 27.215769
-4.751147 27.234072
-4.840315 27.288982
-4.840315 27.288982
-4.929722 27.343504
-4.959524 27.361677
-5.019049 27.398155
-5.048851 27.416328
-5.108535 27.452547
-5.168219 27.488766
-5.198101 27.506809
-5.257942 27.542767
-5.317783 27.578724
-5.377624 27.614681
-5.407584 27.632595
-5.467581 27.668291
-5.497541 27.686205
-5.587420 27.739944
-5.587420 27.739944
-5.677533 27.793291
-5.707570 27.811073
-5.767568 27.846769
-5.797605 27.864552
-5.857758 27.899984
-5.978063 27.970852
-6.038216 28.006285
-6.098368 28.041718
-6.128483 28.059368
-6.188790 28.094540
-6.249096 28.129711
-6.309403 28.164883
-6.339595 28.182402
-6.400054 28.217308
-6.430322 28.234695
-6.490933 28.269339
-6.551545 28.303982
-6.581888 28.321238
-6.612232 28.338493
-6.672843 28.373137
-6.703187 28.390392
-6.763948 28.424770
-6.824710 28.459148
-6.855129 28.476271
-6.916040 28.510384
-6.976951 28.544497
-7.007444 28.561487
-7.068503 28.595333
-7.129563 28.629179
-7.190622 28.663025
-7.190622 28.663025
-7.282322 28.713594
-7.312889 28.730452
-7.374096 28.764032
-7.404736 28.780756
-7.496656 28.830925
-7.558009 28.864237
-7.588721 28.880827
-7.650218 28.913872
-7.711716 28.946917
-7.773213 28.979961
-7.773213 28.979961
-7.834710 29.013006
-7.896207 29.046051
-7.957705 29.079096
-7.988489 29.095551
-8.050130 29.128326
-8.111771 29.161102
-8.173411 29.193878
-8.204268 29.210199
-8.266051 29.242706
-8.327835 29.275213
-8.389619 29.307720
-8.420546 29.323906
-8.482471 29.356142
-8.544395 29.388378
-8.699383 29.468632
-8.761448 29.500599
-8.823513 29.532566
-8.854580 29.548481
-8.916783 29.580175
-8.978987 29.611870
-9.041190 29.643564
-9.072327 29.659344
-9.134668 29.690767
-9.197010 29.722191
-9.259352 29.753614
-9.321693 29.785038
-9.352899 29.800682
-9.415377 29.831833
-9.477855 29.862984
-9.540333 29.894135
-9.602811 29.925285
-9.634084 29.940792
-9.696697 29.971670
-9.759311 30.002548
-9.821924 30.033426
-9.853265 30.048798
-9.916012 30.079403
-9.978759 30.110008
-10.041506 30.140614
-10.072913 30.155848
-10.135794 30.186178
-10.198674 30.216509
-10.261555 30.246840
-10.324435 30.277170
-10.387316 30.307501
-10.418789 30.322598
-10.481801 30.352654
-10.544813 30.382710
-10.639429 30.427588
-10.639429 30.427588
-10.734241 30.472052
-10.765844 30.486874
-10.860656 30.531338
-10.892323 30.546021
-10.955724 30.575249
-11.019124 30.604477
-11.082524 30.633705
-11.145925 30.662933
-11.209325 30.692162
-11.272725 30.721390
-11.304457 30.735935
-11.367984 30.764887
-11.431511 30.793839
-11.495038 30.822790
-11.590423 30.866011
-11.654076 30.894686
-11.717729 30.923361
-11.781382 30.952036
-11.813239 30.966303
-11.877016 30.994699
-11.940793 31.023096
-12.004570 31.051493
-12.068347 31.079889
-12.100266 31.094017
-12.164167 31.122135
-12.228068 31.150253
-12.291969 31.178371
-12.355870 31.206490
-12.419771 31.234608
-12.451752 31.248596
-12.515775 31.276434
-12.579798 31.304272
-12.675922 31.345819
-12.708024 31.359529
-12.772287 31.386808
-12.836551 31.414087
-12.900814 31.441366
-12.932975 31.454935
-12.997356 31.481934
-13.061738 31.508932
-13.126120 31.535931
-13.190501 31.562929
-13.254883 31.589928
-13.287103 31.603357
-13.351602 31.630074
-13.416101 31.656790
-13.480599 31.683506
-13.545098 31.710222
-13.609597 31.736938
-13.641875 31.750227
-13.706490 31.776663
-13.771104 31.803099
-13.835718 31.829535
-13.900332 31.855970
-13.932669 31.869118
-14.029676 31.908560
-14.062013 31.921707
-14.126742 31.947861
-14.191472 31.974014
-14.256202 32.000168
-14.288595 32.013172
-14.353438 32.039043
-14.418282 32.064915
-14.580529 32.129238
-14.645484 32.154827
-14.710439 32.180416
-14.742944 32.193138
-14.808010 32.218441
-14.873076 32.243744
-14.938143 32.269047
-15.003209 32.294350
-15.035769 32.306931
-15.100945 32.331951
-15.166121 32.356972
-15.231297 32.381992
-15.296474 32.407013
-15.361650 32.432034
-15.394264 32.444473
-15.459549 32.469208
-15.524834 32.493942
-15.590118 32.518677
-15.622787 32.530972
-15.688179 32.555420
-15.753571 32.579868
-15.818962 32.604317
-15.884354 32.628765
-15.949745 32.653214
-15.982468 32.665367
-16.047966 32.689533
-16.113464 32.713699
-16.178963 32.737865
-16.244461 32.762032
-16.309959 32.786198
-16.342682 32.798351
-16.375404 32.810505
-16.440903 32.834671
-16.506401 32.858837
-16.571899 32.883003
-16.637398 32.907169
-16.702896 32.931335
-16.768394 32.955502
-16.801170 32.967514
-16.866774 32.991394
-16.932377 33.015274
-16.997980 33.039154
-17.063583 33.063034
-17.096411 33.074902
-17.162117 33.098492
-17.227823 33.122082
-17.260651 33.133949
-17.326254 33.157829
-17.490391 33.217167
-17.556097 33.240757
-17.621803 33.264347
-17.621803 33.264347
-17.720440 33.299519
-17.786249 33.322823
-17.852058 33.346127
-17.917868 33.369431
-17.983677 33.392735
-18.049486 33.416039
-18.049486 33.416039
-18.115295 33.439342
-18.181105 33.462646
-18.246914 33.485950
-18.312723 33.509254
-18.378532 33.532558
-18.411463 33.544140
-18.477373 33.567158
-18.543283 33.590176
-18.609194 33.613194
-18.675104 33.636211
-18.741014 33.659229
-18.806925 33.682247
-18.872835 33.705265
-18.905766 33.716846
-19.004555 33.751587
-19.004555 33.751587
-19.103495 33.785896
-19.136475 33.797333
-19.202385 33.820351
-19.268295 33.843369
-19.334206 33.866386
-19.400116 33.889404
-19.466026 33.912422
-19.531937 33.935440
-19.597847 33.958458
-19.663757 33.981476
-19.729668 34.004494
-19.795578 34.027512
-19.828558 34.038948
-19.894567 34.061676
-19.960577 34.084404
-20.026587 34.107132
-20.092596 34.129860
-20.158606 34.152588
-20.224615 34.175316
-20.290625 34.198044
-20.323654 34.209335
-20.422743 34.243214
-20.587891 34.299679
-20.653999 34.322121
-20.720108 34.344563
-20.786217 34.367004
-20.852325 34.389446
-20.885405 34.400597
-20.951611 34.422749
-21.017817 34.444901
-21.084023 34.467052
-21.150229 34.489204
-21.216434 34.511356
-21.282640 34.533508
-21.348846 34.555660
-21.348846 34.555660
-21.415052 34.577812
-21.481258 34.599964
-21.547464 34.622116
-21.613670 34.644268
-21.679876 34.666420
-21.746082 34.688572
-21.812288 34.710724
-21.845415 34.721729
-21.911716 34.743591
-21.978018 34.765453
-22.044319 34.787315
-22.110620 34.809177
-22.176922 34.831039
-22.243223 34.852901
-22.309525 34.874763
-22.342699 34.885624
-22.442223 34.918201
-22.475397 34.929062
-22.541794 34.950638
-22.608191 34.972214
-22.674587 34.993790
-22.740984 35.015366
-22.807381 35.036942
-22.873777 35.058517
-22.940174 35.080093
-23.006571 35.101669
-23.039793 35.112385
-23.106283 35.133671
-23.172773 35.154957
-23.239264 35.176243
-23.305754 35.197529
-23.372244 35.218815
-23.405512 35.229385
-23.472094 35.250378
-23.538675 35.271370
-23.871584 35.376339
-23.938166 35.397331
-24.004747 35.418324
-24.038061 35.428749
-24.104734 35.449451
-24.171408 35.470154
-24.238081 35.490856
-24.304754 35.511559
-24.371428 35.532261
-24.404741 35.542686
-24.471323 35.563679
-24.504637 35.574104
-24.571310 35.594807
-24.637983 35.615509
-24.704657 35.636211
-24.771330 35.656914
-24.838003 35.677616
-24.871363 35.687897
-24.938126 35.708309
-25.004889 35.728722
-25.071651 35.749134
-25.171862 35.779533
-25.205265 35.789665
-25.305475 35.820065
-25.338879 35.830196
-25.439089 35.860596
-25.439089 35.860596
-25.539431 35.890556
-25.572878 35.900543
-25.673220 35.930504
-25.706667 35.940491
-25.807009 35.970451
-25.840456 35.980438
-25.940798 36.010399
-25.974245 36.020386
-26.074587 36.050346
-26.074587 36.050346
-26.175058 36.079872
-26.208549 36.089714
-26.309021 36.119240
-26.342512 36.129082
-26.409451 36.148911
-26.476389 36.168739
-26.543327 36.188568
-26.576818 36.198410
-26.643843 36.217945
-26.710867 36.237480
-26.777891 36.257015
-26.844915 36.276550
-26.978964 36.315624
-27.045988 36.335159
-27.113012 36.354694
-27.180037 36.374229
-27.247061 36.393764
-27.280552 36.403606
-27.314043 36.413448
-27.381067 36.432983
-27.448092 36.452518
-27.515116 36.472054
-27.582140 36.491589
-27.649164 36.511124
-27.649164 36.511124
-27.749763 36.540211
-27.783297 36.549908
-27.850321 36.569443
-27.917345 36.588978
-27.984369 36.608513
-28.051394 36.628048
-28.118418 36.647583
-28.185442 36.667118
-28.218975 36.676815
-28.286083 36.696060
-28.353191 36.715305
-28.420300 36.734550
-28.453833 36.744247
-28.554432 36.773335
-28.587965 36.783031
-28.654989 36.802567
-28.688522 36.812263
-28.789122 36.841351
-28.822655 36.851048
-28.889763 36.870293
-28.956871 36.889538
-29.023979 36.908783
-29.091087 36.928028
-29.158195 36.947273
-29.225304 36.966518
-29.258837 36.976215
-29.325861 36.995750
-29.392885 37.015285
-29.426418 37.024982
-29.493526 37.044228
-29.560635 37.063473
-29.627743 37.082718
-29.694851 37.101963
-29.761959 37.121208
-29.829067 37.140453
-30.030394 37.198185
-30.097502 37.217430
-30.131077 37.226978
-30.198269 37.245930
-30.265461 37.264881
-30.332653 37.283833
-30.399845 37.302784
-30.467037 37.321735
-30.534229 37.340687
-30.601421 37.359638
-30.668613 37.378590
-30.735806 37.397541
-30.802998 37.416492
-30.870190 37.435444
-30.937382 37.454395
-30.970999 37.463799
-31.071848 37.492004
-31.105465 37.501408
-31.172739 37.520065
-31.240013 37.538723
-31.307287 37.557381
-31.374561 37.576038
-31.441835 37.594696
-31.509109 37.613354
-31.576384 37.632011
-31.643658 37.650669
-31.744629 37.678436
-31.744629 37.678436
-31.845720 37.705761
-31.913155 37.723831
-31.980589 37.741901
-32.048023 37.759972
-32.115456 37.778042
-32.182888 37.796112
-32.250320 37.814182
-32.317753 37.832253
-32.385185 37.850323
-32.418922 37.859283
-32.520134 37.886166
-32.553871 37.895126
-32.621384 37.912903
-32.688896 37.930679
-32.790222 37.957123
-32.857811 37.974602
-32.925400 37.992081
-32.992989 38.009560
-33.060577 38.027039
-33.128166 38.044518
-33.161980 38.053185
-33.364975 38.104740
-33.432640 38.121925
-33.500305 38.139111
-33.567970 38.156296
-33.635635 38.173481
-33.703300 38.190666
-33.737152 38.199184
-33.838707 38.224743
-33.872559 38.233261
-33.940296 38.250153
-34.008034 38.267044
-34.075771 38.283936
-34.143509 38.300827
-34.211246 38.317719
-34.245136 38.326088
-34.312950 38.342682
-34.380764 38.359276
-34.448578 38.375870
-34.516392 38.392464
-34.618164 38.417133
-34.686047 38.433434
-34.753929 38.449734
-34.787888 38.457809
-34.855843 38.473812
-34.923798 38.489815
-34.991753 38.505817
-35.059708 38.521820
-35.127663 38.537823
-35.161655 38.545750
-35.229679 38.561455
-35.297703 38.577160
-35.365726 38.592865
-35.433750 38.608570
-35.501774 38.624275
-35.535801 38.632053
-35.637886 38.655388
-35.671913 38.663166
-35.774101 38.686054
-35.842258 38.701164
-35.910416 38.716274
-35.978573 38.731384
-36.046730 38.746494
-36.114887 38.761604
-36.183044 38.776714
-36.251202 38.791824
-36.285297 38.799305
-36.353519 38.814117
-36.421741 38.828930
-36.489964 38.843742
-36.660603 38.880405
-36.728889 38.894920
-36.797176 38.909435
-36.865463 38.923950
-36.933750 38.938465
-37.002037 38.952980
-37.070324 38.967495
-37.104485 38.974678
-37.207054 38.995781
-37.241245 39.002815
-37.343815 39.023918
-37.412228 39.037838
-37.480640 39.051758
-37.549053 39.065678
-37.617466 39.079597
-37.651688 39.086483
-37.720158 39.100105
-37.788628 39.113728
-37.857098 39.127350
-37.925568 39.140972
-37.994038 39.154594
-38.062508 39.168217
-38.130978 39.181839
-38.199448 39.195461
-38.267918 39.209084
-38.302170 39.215820
-38.370701 39.229141
-38.439232 39.242462
-38.507763 39.255783
-38.576294 39.269104
-38.644825 39.282425
-38.679104 39.289013
-38.781944 39.308773
-38.816223 39.315361
-38.919147 39.334671
-38.987793 39.347393
-39.056438 39.360115
-39.125084 39.372837
-39.159420 39.379124
-39.228119 39.391548
-39.296818 39.403973
-39.365517 39.416397
-39.399879 39.422535
-39.468632 39.434658
-39.537384 39.446781
-39.606136 39.458904
-39.640526 39.464890
-39.709332 39.476715
-39.778137 39.488541
-39.915745 39.512188
-39.984550 39.524014
-40.053356 39.535839
-40.156601 39.553349
-40.191017 39.559185
-40.294262 39.576694
-40.294262 39.576694
-40.397583 39.593754
-40.432022 39.599442
-40.535343 39.616501
-40.569782 39.622189
-40.673103 39.639248
-40.707542 39.644936
-40.810863 39.661995
-40.845303 39.667683
-40.948624 39.684742
-40.983063 39.690430
-41.086384 39.707489
-41.120823 39.713177
-41.224144 39.730236
-41.258583 39.735924
-41.361904 39.752983
-41.396343 39.758671
-41.499664 39.775730
-41.534103 39.781418
-41.671814 39.804466
-41.671814 39.804466
-41.809525 39.827515
-41.809525 39.827515
-41.947235 39.850563
-42.016090 39.862087
-42.084946 39.873611
-42.153801 39.885136
-42.222656 39.896660
-42.291512 39.908184
-42.360367 39.919708
-42.429222 39.931232
-42.498077 39.942757
-42.566933 39.954281
-42.635788 39.965805
-42.704643 39.977329
-42.773499 39.988853
-42.842354 40.000378
-42.911209 40.011902
-42.980064 40.023426
-43.048920 40.034950
-43.117775 40.046474
-43.186630 40.057999
-43.255486 40.069523
-43.462051 40.104092
-43.530907 40.115616
-43.599762 40.127140
-43.668617 40.138664
-43.703033 40.144501
-43.771839 40.156326
-43.806255 40.162163
-43.909500 40.179672
-43.943916 40.185509
-44.012772 40.197033
-44.081627 40.208557
-44.150482 40.220081
-44.219337 40.231606
-44.288193 40.243130
-44.357048 40.254654
-44.425903 40.266178
-44.494759 40.277702
-44.563614 40.289227
-44.632469 40.300751
-44.701324 40.312275
-44.770180 40.323799
-44.839035 40.335323
-44.907890 40.346848
-44.976746 40.358372
-45.045601 40.369896
-45.114456 40.381420
-45.183311 40.392944
-45.252167 40.404469
-45.355488 40.421528
-45.424393 40.432751
-45.493298 40.443974
-45.562202 40.455196
-45.631107 40.466419
-45.700012 40.477642
-45.768917 40.488865
-45.837822 40.500088
-45.906727 40.511311
-45.975632 40.522533
-46.044537 40.533756
-46.113441 40.544979
-46.182346 40.556202
-46.251251 40.567425
-46.320156 40.578648
-46.389061 40.589870
-46.457966 40.601093
-46.526871 40.612316
-46.630264 40.628925
-46.699219 40.639847
-46.871544 40.667526
-46.906010 40.673061
-46.974964 40.683983
-47.043919 40.694904
-47.147385 40.711063
-47.216385 40.721684
-47.285385 40.732304
-47.319874 40.737690
-47.423340 40.753849
-47.457829 40.759235
-47.561295 40.775394
-47.595783 40.780781
-47.699249 40.796940
-47.733738 40.802326
-47.837204 40.818485
-47.906204 40.829105
-47.940693 40.834492
-48.044159 40.850651
-48.113159 40.861271
-48.182159 40.871891
-48.251160 40.882511
-48.320160 40.893131
-48.389160 40.903751
-48.458160 40.914371
-48.527161 40.924992
-48.596161 40.935612
-48.630672 40.940845
-48.734207 40.956551
-48.768719 40.961784
-48.837765 40.972103
-48.906811 40.982422
-48.975857 40.992741
-49.044903 41.003059
-49.113949 41.013378
-49.182995 41.023697
-49.252041 41.034016
-49.321087 41.044334
-49.390133 41.054653
-49.424667 41.059738
-49.493759 41.069756
-49.562851 41.079773
-49.631943 41.089790
-49.770123 41.109829
-49.770123 41.109829
-49.873791 41.124630
-49.908348 41.129562
-50.012016 41.144363
-50.046574 41.149296
-50.150242 41.164097
-50.323021 41.188766
-50.392113 41.198784
-50.426670 41.203716
-50.530338 41.218517
-50.564896 41.223450
-50.634029 41.233166
-50.703163 41.242882
-50.772297 41.252598
-50.841431 41.262314
-50.910564 41.272030
-50.979698 41.281746
-51.048832 41.291462
-51.117966 41.301178
-51.187099 41.310894
-51.256233 41.320610
-51.325367 41.330326
-51.394501 41.340042
-51.463634 41.349758
-51.532768 41.359474
-51.601902 41.369190
-51.671036 41.378906
-51.740170 41.388622
-51.809303 41.398338
-51.878437 41.408054
-51.947571 41.417770
-52.016705 41.427486
-52.085838 41.437202
-52.120415 41.441986
-52.224148 41.456337
-52.258724 41.461121
-52.327900 41.470535
-52.397076 41.479950
-52.466251 41.489365
-52.535427 41.498779
-52.604603 41.508194
-52.673779 41.517609
-52.742954 41.527023
-52.812130 41.536438
-52.881306 41.545853
-52.985100 41.559750
-53.019699 41.564381
-53.123493 41.578278
-53.158092 41.582909
-53.261887 41.596806
-53.296486 41.601437
-53.400280 41.615334
-53.434898 41.619816
-53.504154 41.628628
-53.573410 41.637440
-53.781174 41.663872
-53.815792 41.668354
-53.919647 41.681797
-53.919647 41.681797
-54.023560 41.694786
-54.058197 41.699116
-54.162109 41.712105
-54.231403 41.720615
-54.300697 41.729126
-54.369991 41.737637
-54.439285 41.746147
-54.508579 41.754658
-54.577873 41.763168
-54.647167 41.771679
-54.716461 41.780190
-54.785755 41.788700
-54.855049 41.797211
-54.959015 41.809746
-54.993671 41.813923
-55.097637 41.826458
-55.166965 41.834663
-55.236294 41.842869
-55.270966 41.846897
-55.340328 41.854801
-55.409691 41.862705
-55.479053 41.870609
-55.548416 41.878513
-55.617779 41.886417
-55.687141 41.894321
-55.791214 41.905949
-55.860611 41.913551
-55.930008 41.921154
-55.999405 41.928757
-56.068802 41.936359
-56.138199 41.943962
-56.207596 41.951565
-56.311718 41.962738
-56.346439 41.966312
-56.450607 41.977032
-56.485329 41.980606
-56.589497 41.991325
-56.624218 41.994900
-56.728432 42.005165
-56.763168 42.008587
-56.867382 42.018852
-56.936874 42.025543
-57.006367 42.032234
-57.075859 42.038925
-57.145351 42.045616
-57.319118 42.061966
-57.423378 42.071777
-57.527637 42.081589
-57.562405 42.084709
-57.631950 42.090794
-57.701496 42.096878
-57.771042 42.102962
-57.840588 42.109047
-57.944927 42.117947
-58.014500 42.123730
-58.084072 42.129513
-58.153645 42.135296
-58.223217 42.141079
-58.258011 42.143894
-58.362427 42.151882
-58.432049 42.157059
-58.501671 42.162235
-58.571293 42.167412
-58.640915 42.172588
-58.710537 42.177765
-58.780159 42.182941
-58.884609 42.190475
-58.954254 42.195347
-58.989082 42.197708
-59.058746 42.202274
-59.128410 42.206841
-59.198074 42.211407
-59.267738 42.215973
-59.372250 42.222595
-59.372250 42.222595
-59.476788 42.228760
-59.581326 42.234924
-59.616173 42.236980
-59.720737 42.242691
-59.755592 42.244595
-59.860157 42.250305
-59.929874 42.253960
-59.999592 42.257614
-60.069309 42.261269
-60.139027 42.264923
-60.173889 42.266674
-60.278500 42.271473
-60.348248 42.274521
-60.417995 42.277569
-60.487743 42.280617
-60.557491 42.283665
-60.592369 42.285110
-60.731888 42.290592
-60.906300 42.297066
-60.976070 42.299503
-61.045841 42.301941
-61.115612 42.304379
-61.185383 42.306816
-61.290047 42.310246
-61.324940 42.311237
-61.394730 42.313065
-61.464520 42.314892
-61.534309 42.316719
-61.604099 42.318546
-61.673889 42.320374
-61.778580 42.322887
-61.848377 42.324409
-61.918175 42.325932
-61.953075 42.326618
-62.022877 42.327839
-62.092678 42.329060
-62.162479 42.330280
-62.232281 42.331501
-62.336987 42.333103
-62.336987 42.333103
-62.441700 42.334248
-62.511509 42.334858
-62.581318 42.335468
-62.651127 42.336079
-62.720936 42.336689
-62.755840 42.336918
-62.825653 42.337223
-62.895466 42.337528
-63.000187 42.337757
-63.070000 42.337757
-63.139812 42.337757
-63.174721 42.337681
-63.244534 42.337376
-63.314346 42.337070
-63.384159 42.336765
-63.488876 42.336082
-63.558685 42.335476
-63.628494 42.334869
-63.663399 42.334488
-63.733208 42.333576
-63.803017 42.332664
-63.907722 42.331066
-63.942623 42.330532
-64.012428 42.329315
-64.047325 42.328629
-64.152023 42.326572
-64.221817 42.325050
-64.396301 42.320866
-64.431198 42.320030
-64.535889 42.317520
-64.605675 42.315693
-64.640564 42.314705
-64.745239 42.311737
-64.780128 42.310749
-64.849907 42.308617
-64.919685 42.306484
-64.989464 42.304352
-65.059242 42.302219
-65.163902 42.298794
-65.163902 42.298794
-65.268547 42.294910
-65.338310 42.292171
-65.408073 42.289433
-65.477837 42.286694
-65.547600 42.283955
-65.617363 42.281216
-65.687126 42.278477
-65.722000 42.277031
-65.861496 42.270943
-65.896362 42.269344
-65.966095 42.265995
-66.035828 42.262646
-66.105560 42.259296
-66.175293 42.255947
-66.245026 42.252598
-66.314758 42.249249
-66.384491 42.245899
-66.454224 42.242550
-66.558815 42.237297
-66.628532 42.233643
-66.698250 42.229988
-66.767967 42.226334
-66.802818 42.224430
-66.907356 42.218266
-66.942200 42.216209
-67.046738 42.210045
-67.116417 42.205784
-67.186096 42.201523
-67.255775 42.197262
-67.325455 42.193001
-67.429962 42.186382
-67.499626 42.181816
-67.534454 42.179459
-67.638931 42.172382
-67.673759 42.170025
-67.743401 42.165157
-67.952332 42.150551
-68.056778 42.143021
-68.126396 42.137848
-68.161201 42.135185
-68.265617 42.127197
-68.300423 42.124535
-68.370018 42.119057
-68.439613 42.113579
-68.543991 42.105137
-68.613564 42.099358
-68.683136 42.093578
-68.752708 42.087799
-68.822281 42.082020
-68.857063 42.079052
-68.926613 42.072968
-69.030914 42.063614
-69.100433 42.057228
-69.169952 42.050842
-69.239471 42.044456
-69.308990 42.038071
-69.378510 42.031685
-69.448029 42.025299
-69.552284 42.015491
-69.587021 42.012070
-69.656487 42.005077
-69.725952 41.998085
-69.795418 41.991093
-69.864883 41.984100
-69.969055 41.973381
-70.038483 41.966084
-70.107910 41.958786
-70.177338 41.951488
-70.246765 41.944191
-70.316193 41.936893
-70.385620 41.929596
-70.489738 41.918423
-70.524429 41.914547
-70.593796 41.906647
-70.663162 41.898746
-70.732529 41.890846
-70.801895 41.882946
-70.905914 41.870865
-70.975243 41.862659
-71.044571 41.854454
-71.079224 41.850277
-71.148514 41.841770
-71.217804 41.833263
-71.321716 41.820274
-71.390968 41.811466
-71.564056 41.789066
-71.633270 41.779953
-71.737061 41.766060
-71.771660 41.761429
-71.875450 41.747536
-71.944626 41.738121
-72.013802 41.728706
-72.082977 41.719292
-72.186707 41.704945
-72.221260 41.700012
-72.324928 41.685215
-72.359482 41.680283
-72.463081 41.665031
-72.497612 41.659946
-72.601212 41.644695
-72.670258 41.634377
-72.739304 41.624058
-72.808350 41.613739
-72.877396 41.603420
-72.946442 41.593102
-73.049980 41.577400
-73.084473 41.572014
-73.153427 41.561092
-73.222382 41.550171
-73.291336 41.539249
-73.360291 41.528328
-73.463684 41.511723
-73.498146 41.506187
-73.601540 41.489582
-73.635979 41.483898
-73.704834 41.472378
-73.773689 41.460857
-73.842545 41.449337
-73.911400 41.437817
-74.014648 41.420307
-74.083450 41.408485
-74.152252 41.396664
-74.221054 41.384842
-74.289856 41.373020
-74.324249 41.367035
-74.393005 41.354912
-74.461761 41.342789
-74.530518 41.330666
-74.633606 41.312256
-74.702309 41.299835
-74.771011 41.287415
-74.839714 41.274994
-74.908417 41.262573
-75.217438 41.206001
-75.286079 41.193279
-75.320389 41.186844
-75.423225 41.167088
-75.491753 41.153767
-75.560280 41.140446
-75.628807 41.127125
-75.697334 41.113804
-75.731583 41.107071
-75.834244 41.086418
-75.902657 41.072502
-75.971069 41.058586
-76.039482 41.044670
-76.142052 41.023571
-76.210403 41.009354
-76.244560 41.002171
-76.346947 40.980175
-76.381073 40.972843
-76.483459 40.950848
-76.517555 40.943367
-76.619843 40.920925
-76.653938 40.913445
-76.756126 40.890556
-76.824219 40.875149
-76.892311 40.859741
-76.926338 40.851963
-77.028320 40.828186
-77.096275 40.812187
-77.164230 40.796188
-77.266113 40.771965
-77.334000 40.755669
-77.367928 40.747448
-77.469589 40.722336
-77.537331 40.705448
-77.605072 40.688560
-77.638924 40.680042
-77.740364 40.654045
-77.807953 40.636566
-77.875542 40.619087
-77.976868 40.592648
-78.044380 40.574875
-78.111893 40.557102
-78.145630 40.548141
-78.246719 40.520821
-78.314072 40.502457
-78.381424 40.484093
-78.415085 40.474838
-78.515938 40.446636
-78.583130 40.427689
-78.784454 40.369961
-78.851479 40.350426
-78.918503 40.330891
-78.951996 40.321049
-79.052338 40.291088
-79.119186 40.270969
-79.186035 40.250851
-79.286247 40.220455
-79.353012 40.200047
-79.453087 40.169212
-79.453087 40.169212
-79.553032 40.137943
-79.619614 40.116951
-79.719421 40.085243
-79.785912 40.063961
-79.852402 40.042679
-79.885620 40.031963
-79.985146 39.999386
-80.051445 39.977524
-80.150826 39.944515
-80.217033 39.922363
-80.316269 39.888920
-80.316269 39.888920
-80.415359 39.855045
-80.481369 39.832317
-80.580307 39.798008
-80.646217 39.774994
-80.712128 39.751980
-80.745056 39.740398
-80.843697 39.705227
-80.909401 39.681637
-80.975105 39.658047
-81.040710 39.634171
-81.106209 39.610008
-81.204376 39.573551
-81.269768 39.549103
-81.335052 39.524368
-81.400230 39.499352
-81.465408 39.474335
-81.530472 39.449032
-81.595428 39.423447
-81.660385 39.397861
-81.757736 39.359272
-81.790131 39.346268
-81.887138 39.306828
-81.951752 39.280396
-82.048592 39.240532
-82.048592 39.240532
-82.145256 39.200249
-82.306061 39.132408
-82.402367 39.091282
-82.466515 39.063725
-82.498558 39.049877
-82.594505 39.007912
-82.626427 38.993786
-82.690208 38.965393
-82.753990 38.937000
-82.849564 38.894199
-82.881355 38.879795
-82.944885 38.850845
-83.008415 38.821896
-83.071815 38.792667
-83.135086 38.763165
-83.198357 38.733662
-83.229958 38.718842
-83.324577 38.673965
-83.387589 38.643909
-83.450600 38.613853
-83.482071 38.598759
-83.576294 38.553059
-83.639046 38.522457
-83.670387 38.507088
-83.733002 38.476212
-83.826820 38.429691
-83.889297 38.398540
-83.951637 38.367119
-84.013840 38.335426
-84.076042 38.303734
-84.107109 38.287819
-84.200104 38.239670
-84.292885 38.191116
-84.323814 38.174931
-84.416595 38.126377
-84.447449 38.110058
-84.539803 38.060696
-84.601303 38.027653
-84.662804 37.994610
-84.693520 37.978020
-84.785439 37.927853
-84.846649 37.894276
-84.907707 37.860432
-84.968620 37.826321
-85.029533 37.792210
-85.059952 37.775089
-85.150986 37.723324
-85.211601 37.688683
-85.272217 37.654041
-85.332680 37.619137
-85.513138 37.512840
-85.603020 37.459103
-85.662865 37.423145
-85.722710 37.387188
-85.782394 37.350971
-85.841919 37.314495
-85.871643 37.296192
-85.960571 37.240894
-85.990135 37.222332
-86.049179 37.185081
-86.108223 37.147831
-86.167107 37.110321
-86.225822 37.072556
-86.284538 37.034790
-86.313858 37.015842
-86.401558 36.958618
-86.430710 36.939415
-86.488930 36.900883
-86.576126 36.842896
-86.605110 36.823441
-86.662987 36.784401
-86.749680 36.725655
-86.749680 36.725655
-86.836113 36.666531
-86.893646 36.626987
-86.922371 36.607155
-87.008286 36.547279
-87.065475 36.507236
-87.094025 36.487152
-87.179413 36.426529
-87.236252 36.385990
-87.293091 36.345451
-87.321465 36.325119
-87.406319 36.263752
-87.462799 36.222717
-87.547386 36.160980
-87.575493 36.140278
-87.631615 36.098751
-87.715660 36.036278
-87.743584 36.015331
-87.827080 35.952129
-87.882652 35.909874
-87.938225 35.867619
-87.965965 35.846428
-88.048904 35.782497
-88.076462 35.761066
-88.158844 35.696415
-88.213669 35.653194
-88.350021 35.544250
-88.404274 35.500317
-88.458527 35.456383
-88.512589 35.412212
-88.566460 35.367805
-88.647118 35.301022
-88.673904 35.278645
-88.727386 35.233772
-88.780869 35.188900
-88.860939 35.121414
-88.887535 35.098804
-88.967018 35.030621
-88.993416 35.007778
-89.072296 34.938904
-89.098595 34.915947
-89.177475 34.847073
-89.203667 34.824001
-89.281944 34.754444
-89.334030 34.707958
-89.385910 34.661243
-89.437592 34.614304
-89.489273 34.567364
-89.540749 34.520199
-89.592018 34.472809
-89.643288 34.425419
-89.720032 34.354168
-89.745506 34.330307
-89.821625 34.258389
-89.872269 34.210335
-89.922913 34.162281
-89.948181 34.138199
-90.023666 34.065620
-90.098839 33.992714
-90.148849 33.944000
-90.173798 33.919590
-90.248329 33.846031
-90.297913 33.796883
-90.322647 33.772255
-90.396538 33.698048
-90.421059 33.673203
-90.494293 33.598354
-90.543007 33.548347
-90.591507 33.498131
-90.639786 33.447701
-90.712036 33.371899
-90.736008 33.346527
-90.807594 33.270096
-90.831345 33.244514
-90.902260 33.167461
-90.996140 33.064110
-91.066040 32.986137
-91.089226 32.960045
-91.158447 32.881466
-91.204483 32.828979
-91.250282 32.776291
-91.295853 32.723404
-91.364037 32.643925
-91.386650 32.617332
-91.454140 32.537262
-91.476517 32.510475
-91.521156 32.456802
-91.565567 32.402935
-91.609741 32.348873
-91.631767 32.321793
-91.697495 32.240269
-91.719284 32.212997
-91.784294 32.130901
-91.805847 32.103443
-91.870140 32.020782
-91.891449 31.993135
-91.955017 31.909918
-91.997276 31.854347
-92.039291 31.798594
-92.081062 31.742657
-92.101891 31.714642
-92.143417 31.658522
-92.184700 31.602222
-92.225739 31.545744
-92.266525 31.489086
-92.307068 31.432251
-92.347610 31.375416
-92.387901 31.318403
-92.427948 31.261217
-92.447906 31.232580
-92.507408 31.146408
-92.527115 31.117598
-92.585861 31.030910
-92.605316 31.001930
-92.663307 30.914734
-92.682510 30.885584
-92.720787 30.827200
-92.758812 30.768650
-92.796577 30.709934
-92.834343 30.651218
-92.871857 30.592339
-92.927544 30.503653
-92.964279 30.444286
-93.000755 30.384762
-93.109413 30.205711
-93.145111 30.145714
-93.198067 30.055368
-93.250626 29.964794
-93.285271 29.904182
-93.319649 29.843420
-93.353760 29.782509
-93.387604 29.721449
-93.438171 29.629749
-93.471481 29.568398
-93.520844 29.476044
-93.537163 29.445187
-93.585724 29.352406
-93.601776 29.321407
-93.649521 29.228207
-93.680946 29.165865
-93.727470 29.072046
-93.758347 29.009434
-93.788948 28.946686
-93.819283 28.883806
-93.864159 28.789190
-93.893661 28.725918
-93.922890 28.662518
-93.951843 28.598991
-93.980515 28.535339
-94.022903 28.439581
-94.050743 28.375559
-94.078300 28.311415
-94.119431 28.215109
-94.133003 28.182947
-94.173286 28.086287
-94.199722 28.021671
-94.238739 27.924492
-94.251602 27.892042
-94.289772 27.794525
-94.302353 27.761965
-94.351822 27.631395
-94.363976 27.598673
-94.400009 27.500347
-94.423599 27.434641
-94.458344 27.335852
-94.469780 27.302872
-94.503662 27.203783
-94.525818 27.137577
-94.547684 27.071276
-94.569260 27.004879
-94.600967 26.905075
-94.621674 26.838402
-94.642082 26.771639
-94.701569 26.570826
-94.720810 26.503717
-94.739761 26.436525
-94.758415 26.369251
-94.776779 26.301897
-94.803665 26.200687
-94.812477 26.166912
-94.829666 26.099247
-94.846558 26.031507
-94.863152 25.963696
-94.887375 25.861816
-94.903084 25.793793
-94.918495 25.725700
-94.933609 25.657541
-94.948425 25.589317
-94.962944 25.521030
-94.976860 25.452620
-94.997070 25.349869
-95.003654 25.315590
-95.022964 25.212666
-95.029251 25.178329
-95.047661 25.075241
-95.059486 25.006437
-95.071007 24.937582
-95.082230 24.868677
-95.087616 24.834188
-95.103325 24.730654
-95.113342 24.661564
-95.123062 24.592430
-95.132477 24.523254
-95.141586 24.454039
-95.150398 24.384783
-95.158607 24.315454
-95.170235 24.211382
-95.173958 24.176674
-95.184677 24.072504
-95.188095 24.037766
-95.197906 23.933506
-95.201027 23.898739
-95.206810 23.829166
-95.214798 23.724752
-95.219666 23.655109
-95.224236 23.585445
-95.228500 23.515762
-95.232155 23.446045
-95.235504 23.376312
-95.238548 23.306566
-95.239845 23.271683
-95.246773 23.027435
-95.247459 22.992535
-95.248375 22.922728
-95.248985 22.852917
-95.249290 22.783104
-95.249290 22.713291
-95.248985 22.643478
-95.247841 22.538765
-95.246620 22.468962
-95.244110 22.364271
-95.243118 22.329378
-95.240685 22.259607
-95.237946 22.189848
-95.234901 22.120102
-95.231247 22.050385
-95.225082 21.945847
-95.222878 21.911011
-95.215797 21.806530
-95.213287 21.771713
-95.207809 21.702116
-95.198914 21.597775
-95.192528 21.528254
-95.189110 21.493515
-95.178391 21.389345
-95.174667 21.354637
-95.163040 21.250565
-95.154839 21.181234
-95.141853 21.077324
-95.137375 21.042706
-95.127960 20.973530
-95.118248 20.904396
-95.108231 20.835306
-95.092529 20.731771
-95.081612 20.662817
-95.075928 20.628376
-95.058418 20.525131
-95.046295 20.456379
-95.027435 20.353371
-95.014412 20.284782
-95.007675 20.250532
-94.987022 20.147869
-94.972809 20.079519
-94.950813 19.977135
-94.943329 19.943039
-94.927925 19.874947
-94.912224 19.806923
-94.888000 19.705044
-94.871407 19.637232
-94.854515 19.569492
-94.810448 19.400614
-94.782684 19.299643
-94.763733 19.232450
-94.744492 19.165342
-94.724663 19.098404
-94.694267 18.998194
-94.673561 18.931520
-94.662994 18.898252
-94.630852 18.798588
-94.619995 18.765413
-94.597839 18.699207
-94.563965 18.600119
-94.540947 18.534208
-94.529221 18.501329
-94.493622 18.402847
-94.481613 18.370071
-94.457161 18.304680
-94.419846 18.206835
-94.394539 18.141768
-94.381676 18.109318
-94.355522 18.044588
-94.329086 17.979973
-94.302368 17.915474
-94.288795 17.883312
-94.247665 17.787006
-94.233818 17.754965
-94.205704 17.691065
-94.162903 17.595491
-94.133949 17.531963
-94.119263 17.500296
-94.089485 17.437153
-94.059433 17.374140
-94.029106 17.311258
-93.998230 17.248644
-93.951302 17.155029
-93.919609 17.092825
-93.903557 17.061827
-93.855003 16.969046
-93.838684 16.938189
-93.805641 16.876690
-93.755470 16.784769
-93.721626 16.723709
-93.704506 16.693291
-93.635223 16.572067
-93.617706 16.541876
-93.564751 16.451530
-93.546967 16.421494
-93.511009 16.361652
-93.456490 16.272245
-93.345505 16.094631
-93.307739 16.035915
-93.269463 15.977531
-93.211472 15.890333
-93.192017 15.861352
-93.132889 15.774920
-93.093094 15.717559
-93.053047 15.660372
-93.012505 15.603536
-92.971466 15.547055
-92.909363 15.462740
-92.867592 15.406802
-92.825333 15.351231
-92.761398 15.268291
-92.739967 15.240737
-92.696747 15.185911
-92.631378 15.104099
-92.587440 15.049845
-92.543037 14.995975
-92.498161 14.942495
-92.453056 14.889212
-92.384872 14.809731
-92.361916 14.783436
-92.269394 14.678863
-92.246094 14.652871
-92.199150 14.601194
-92.151764 14.549930
-92.080177 14.473498
-92.007927 14.397695
-91.983627 14.372638
-91.910065 14.298107
-91.860703 14.248742
-91.786171 14.175180
-91.761116 14.150878
-91.685631 14.078299
-91.634987 14.030243
-91.583931 13.982631
-91.506874 13.911716
-91.455200 13.864776
-91.403114 13.818289
-91.324532 13.749071
-91.271843 13.703270
-91.218758 13.657930
-91.165276 13.613055
-91.084618 13.546269
-91.030556 13.502098
-90.976112 13.458401
-90.894012 13.393391
-90.838997 13.350410
-90.699837 13.245070
-90.587234 13.162508
-90.558952 13.142053
-90.473564 13.081429
-90.444923 13.061469
-90.358490 13.002344
-90.300613 12.963305
-90.242569 12.924520
-90.184181 12.886242
-90.125465 12.848475
-90.066422 12.811222
-89.977493 12.755923
-89.917969 12.719446
-89.858124 12.683490
-89.828087 12.665708
-89.737511 12.613151
-89.707169 12.595896
-89.585342 12.527672
-89.554779 12.510816
-89.493423 12.477504
-89.431786 12.444729
-89.369858 12.412493
-89.307655 12.380798
-89.214043 12.333869
-89.151428 12.302992
-89.088547 12.272662
-89.057007 12.257704
-88.962006 12.213655
-88.898476 12.184705
-88.834824 12.156032
-88.770920 12.127915
-88.706779 12.100357
-88.674622 12.086788
-88.545624 12.033357
-88.513290 12.020210
-88.448448 11.994341
-88.383385 11.969038
-88.285538 11.931724
-88.220146 11.907275
-88.154541 11.883398
-88.088730 11.860094
-88.022720 11.837365
-87.956612 11.814925
-87.857231 11.781915
-87.790741 11.760632
-87.757423 11.750208
-87.657211 11.719810
-87.590271 11.699983
-87.523247 11.680448
-87.321426 11.624478
-87.220100 11.598039
-87.186249 11.589520
-87.118439 11.572927
-87.050484 11.556927
-86.948395 11.533593
-86.914330 11.525964
-86.811943 11.503969
-86.777756 11.496936
-86.675095 11.476283
-86.606567 11.462963
-86.537926 11.450241
-86.503563 11.444105
-86.365952 11.420461
-86.331512 11.414775
-86.262558 11.403854
-86.193512 11.393536
-86.089844 11.378736
-86.020668 11.369323
-85.951416 11.360513
-85.882088 11.352307
-85.812691 11.344707
-85.708519 11.333989
-85.673782 11.330568
-85.569481 11.321215
-85.534691 11.318400
-85.465073 11.313228
-85.360596 11.306151
-85.290916 11.301890
-85.221199 11.298238
-85.151451 11.295194
-85.081688 11.292454
-85.011917 11.290018
-84.942131 11.288191
-84.872330 11.286973
-84.802521 11.286365
-84.697800 11.286137
-84.627991 11.286442
-84.558182 11.287356
-84.523285 11.288042
-84.418594 11.290556
-84.348816 11.292688
-84.279060 11.295430
-84.244194 11.297029
-84.104759 11.304338
-84.069916 11.306394
-84.000252 11.310961
-83.930634 11.316135
-83.721992 11.334392
-83.652527 11.341387
-83.583130 11.348988
-83.513763 11.356892
-83.409798 11.369428
-83.375183 11.373909
-83.306007 11.383324
-83.202339 11.398125
-83.133293 11.408444
-83.098808 11.413830
-82.995491 11.430889
-82.961105 11.436876
-82.858017 11.455287
-82.789375 11.468010
-82.720848 11.481332
-82.686630 11.488216
-82.584061 11.509319
-82.515770 11.523835
-82.447609 11.538946
-82.379585 11.554651
-82.311699 11.570950
-82.243889 11.587543
-82.176147 11.604434
-82.108559 11.621915
-82.041122 11.639985
-82.007462 11.649240
-81.906609 11.677447
-81.839500 11.696692
-81.772560 11.716520
-81.705795 11.736933
-81.605858 11.768206
-81.572594 11.778775
-81.473068 11.811354
-81.406860 11.833507
-81.340752 11.855948
-81.274841 11.878966
-81.209137 11.902558
-81.110809 11.938590
-81.078087 11.950744
-80.980240 11.988060
-80.915176 12.013364
-80.850220 12.038951
-80.785492 12.065104
-80.720993 12.091822
-80.624512 12.132529
-80.560371 12.160089
-80.496468 12.188207
-80.400894 12.231009
-80.369102 12.245416
-80.147881 12.349167
-80.116470 12.364401
-80.022652 12.410923
-79.991516 12.426702
-79.898315 12.474449
-79.805534 12.523007
-79.774750 12.539463
-79.652046 12.606089
-79.621483 12.622946
-79.560570 12.657059
-79.469543 12.708825
-79.409081 12.743732
-79.348930 12.779166
-79.259048 12.832906
-79.199364 12.869123
-79.139999 12.905861
-79.080956 12.943115
-78.992760 12.999575
-78.934212 13.037599
-78.875999 13.076132
-78.817955 13.114919
-78.731270 13.173668
-78.702545 13.193502
-78.588173 13.273590
-78.559708 13.293798
-78.474854 13.355167
-78.418556 13.396449
-78.334511 13.458923
-78.306679 13.479992
-78.223457 13.543561
-78.168259 13.586303
-78.086166 13.651315
-78.031914 13.695251
-77.950966 13.761685
-77.897293 13.806328
-77.844009 13.851437
-77.764526 13.919621
-77.711838 13.965424
-77.659554 14.011684
-77.581581 14.081587
-77.529907 14.128528
-77.504227 14.152166
-77.402115 14.247393
-77.376740 14.271366
-77.301254 14.343947
-77.276306 14.368360
-77.201775 14.441923
-77.152412 14.491289
-77.103477 14.541084
-76.958649 14.692378
-76.887062 14.768810
-76.863312 14.794392
-76.816147 14.845864
-76.792732 14.871755
-76.722832 14.949731
-76.676575 15.002019
-76.607704 15.080903
-76.584862 15.107298
-76.517029 15.187077
-76.494652 15.213866
-76.427864 15.294526
-76.405724 15.321509
-76.340004 15.403037
-76.296547 15.457674
-76.253326 15.512501
-76.210587 15.567702
-76.147018 15.650922
-76.125954 15.678754
-76.084183 15.734693
-76.042900 15.790994
-75.981537 15.875849
-75.961205 15.904222
-75.900581 15.989610
-75.860542 16.046799
-75.820999 16.104334
-75.801414 16.133230
-75.743050 16.220175
-75.723717 16.249241
-75.647163 16.366011
-75.628220 16.395329
-75.590714 16.454208
-75.535027 16.542896
-75.498291 16.602262
-75.480118 16.632065
-75.425987 16.721710
-75.408073 16.751671
-75.372643 16.811825
-75.320084 16.902401
-75.285446 16.963013
-75.251068 17.023775
-75.216957 17.084688
-75.183380 17.145897
-75.133614 17.238037
-75.117157 17.268822
-75.084656 17.330606
-75.036507 17.423601
-75.004814 17.485806
-74.957886 17.579422
-74.881035 17.736126
-74.850983 17.799139
-74.836159 17.830744
-74.792114 17.925749
-74.777573 17.957481
-74.734360 18.052868
-74.705963 18.116646
-74.678123 18.180670
-74.650566 18.244814
-74.623291 18.309078
-74.583008 18.405741
-74.556572 18.470356
-74.543564 18.502750
-74.504974 18.600100
-74.492256 18.632605
-74.442223 18.762959
-74.417778 18.828352
-74.405769 18.861128
-74.370171 18.959612
-74.358444 18.992491
-74.323708 19.091280
-74.300980 19.157290
-74.267540 19.256525
-74.256538 19.289652
-74.234970 19.356049
-74.213692 19.422539
-74.192703 19.489120
-74.161873 19.589199
-74.141754 19.656050
-74.131912 19.689541
-74.102829 19.790142
-74.093285 19.823717
-74.065079 19.924568
-74.046715 19.991924
-74.019836 20.093136
-74.011024 20.126911
-73.993843 20.194576
-73.968735 20.296242
-73.952438 20.364126
-73.936440 20.432081
-73.920738 20.500105
-73.905632 20.568264
-73.890823 20.636488
-73.868828 20.738873
-73.854614 20.807222
-73.840996 20.875694
-73.827675 20.944225
-73.814651 21.012814
-73.783974 21.184629
-73.766464 21.287876
-73.760780 21.322317
-73.744179 21.425713
-73.738792 21.460201
-73.723091 21.563738
-73.713074 21.632830
-73.698730 21.736563
-73.694099 21.771160
-73.680656 21.875013
-73.676331 21.909651
-73.663795 22.013618
-73.655891 22.082983
-73.648293 22.152382
-73.640999 22.221813
-73.634003 22.291275
-73.627312 22.360767
-73.620926 22.430288
-73.614845 22.499836
-73.609070 22.569410
-73.603592 22.639008
-73.598724 22.708651
-73.592110 22.813162
-73.590057 22.848007
-73.586098 22.917707
-73.582443 22.987425
-73.577652 23.092035
-73.576210 23.126911
-73.572327 23.231560
-73.571182 23.266447
-73.568214 23.371124
-73.566696 23.440922
-73.565102 23.545630
-73.564720 23.580534
-73.564041 23.685251
-73.563965 23.720158
-73.564194 23.824877
-73.564423 23.859783
-73.565567 23.964497
-73.566101 23.999399
-73.568161 24.104099
-73.569992 24.173889
-73.573425 24.278553
-73.576172 24.348312
-73.579216 24.418058
-73.582565 24.487791
-73.586220 24.557508
-73.590179 24.627209
-73.592384 24.662045
-73.613091 24.940529
-73.616058 24.975309
-73.625420 25.079611
-73.628693 25.114365
-73.638962 25.218580
-73.642532 25.253304
-73.653709 25.357426
-73.657585 25.392117
-73.669670 25.496136
-73.677879 25.565464
-73.686386 25.634756
-73.699829 25.738609
-73.709244 25.807785
-73.718964 25.876919
-73.728683 25.946053
-73.738701 26.015142
-73.754410 26.118677
-73.759796 26.153166
-73.776405 26.256559
-73.787628 26.325464
-73.799156 26.394320
-73.817116 26.497488
-73.823250 26.531851
-73.842110 26.634857
-73.848549 26.669165
-73.868309 26.772003
-73.881927 26.840475
-73.903030 26.943047
-73.910217 26.977205
-73.932213 27.079588
-73.947029 27.147812
-73.969917 27.249998
-73.985626 27.318022
-74.001633 27.385977
-74.026306 27.487749
-74.051422 27.589413
-74.059944 27.623264
-74.085945 27.724705
-74.094757 27.758480
-74.130898 27.893347
-74.140152 27.927004
-74.168358 28.027853
-74.187607 28.094961
-74.217133 28.195433
-74.236961 28.262371
-74.257080 28.329222
-74.287918 28.429298
-74.308624 28.495970
-74.329620 28.562551
-74.462547 28.959780
-74.497292 29.058567
-74.509018 29.091446
-74.544624 29.189926
-74.556633 29.222702
-74.593094 29.320869
-74.605392 29.353539
-74.642708 29.451384
-74.655289 29.483944
-74.693459 29.581459
-74.706322 29.613909
-74.745338 29.711088
-74.758484 29.743423
-74.798347 29.840258
-74.811775 29.872477
-74.852486 29.968960
-74.866196 30.001060
-74.907745 30.097185
-74.921738 30.129166
-74.964127 30.224924
-74.978394 30.256781
-75.007072 30.320433
-75.036026 30.383959
-75.065254 30.447359
-75.079941 30.479027
-75.124405 30.573837
-75.139366 30.605375
-75.184654 30.699795
-75.199890 30.731201
-75.246002 30.825222
-75.276878 30.887835
-75.292389 30.919107
-75.339325 31.012722
-75.355103 31.043858
-75.402847 31.137058
-75.418900 31.168055
-75.467461 31.260836
-75.499969 31.322618
-75.532745 31.384258
-75.565788 31.445755
-75.615555 31.537891
-75.632278 31.568531
-75.665863 31.629738
-75.699707 31.690798
-75.733818 31.751709
-75.750938 31.782127
-75.802704 31.873158
-75.837349 31.933769
-75.872253 31.994228
-75.960510 32.144802
-76.013855 32.234913
-76.049812 32.294754
-76.086029 32.354439
-76.104202 32.384239
-76.159119 32.473408
-76.177551 32.503052
-76.233238 32.591736
-76.270493 32.650780
-76.308006 32.709660
-76.345772 32.768375
-76.383537 32.827091
-76.421562 32.885639
-76.459839 32.944023
-76.479042 32.973171
-76.537033 33.060368
-76.595406 33.147312
-76.634445 33.205189
-76.654030 33.234085
-76.713158 33.320515
-76.732994 33.349239
-76.792877 33.435150
-76.832924 33.492336
-76.893181 33.577984
-76.913391 33.606445
-76.974388 33.691566
-77.015175 33.748222
-77.056213 33.804703
-77.097496 33.861004
-77.159607 33.945316
-77.201134 34.001434
-77.242905 34.057373
-77.284920 34.113129
-77.348129 34.196621
-77.390388 34.252190
-77.432892 34.307575
-77.475632 34.362774
-77.518372 34.417973
-77.561356 34.472984
-77.604576 34.527809
-77.647797 34.582634
-77.691261 34.637268
-77.734962 34.691711
-77.800690 34.773235
-77.822716 34.800316
-77.889153 34.881264
-77.933563 34.935131
-77.955826 34.962017
-78.090454 35.122456
-78.158295 35.202232
-78.181023 35.228725
-78.226593 35.281612
-78.272392 35.334301
-78.318428 35.386787
-78.364464 35.439274
-78.433685 35.517853
-78.456871 35.543945
-78.526772 35.621918
-78.573486 35.673798
-78.596901 35.699688
-78.643845 35.751366
-78.714424 35.828724
-78.738060 35.854408
-78.809311 35.931149
-78.856926 35.982204
-78.928513 36.058636
-78.952484 36.084007
-79.000542 36.134647
-79.048599 36.185287
-79.096878 36.235718
-79.145378 36.285934
-79.218285 36.361103
-79.242699 36.386051
-79.291634 36.435844
-79.365196 36.510372
-79.414345 36.559952
-79.438972 36.584686
-79.513184 36.658569
-79.562767 36.707718
-79.612564 36.756649
-79.662575 36.805363
-79.737747 36.878269
-79.762909 36.902462
-79.838715 36.974709
-79.889359 37.022762
-79.965477 37.094681
-79.990952 37.118542
-80.042007 37.166153
-80.118752 37.237404
-80.170021 37.284794
-80.221497 37.331959
-80.273178 37.378899
-80.350845 37.449139
-80.376839 37.472439
-80.455116 37.541996
-80.507401 37.588253
-80.585983 37.657471
-80.717461 37.772259
-80.743858 37.795101
-80.823341 37.863285
-80.876427 37.908623
-80.903023 37.931232
-80.983093 37.998718
-81.036575 38.043591
-81.090057 38.088463
-81.116844 38.110840
-81.197502 38.177624
-81.251373 38.222031
-81.305244 38.266438
-81.359306 38.310608
-81.413559 38.354542
-81.495087 38.420265
-81.522354 38.442055
-81.576988 38.485512
-81.631622 38.528969
-81.686447 38.572189
-81.741463 38.615170
-81.824127 38.679459
-81.851776 38.700768
-81.907166 38.743267
-81.962555 38.785767
-82.018127 38.828022
-82.073883 38.870037
-82.157654 38.932877
-82.185669 38.953701
-82.241791 38.995228
-82.326111 39.057331
-82.382408 39.098610
-82.410606 39.119190
-82.495461 39.180557
-82.552116 39.221344
-82.637238 39.282341
-82.665703 39.302547
-82.751350 39.362797
-82.808540 39.402840
-82.865730 39.442883
-82.951645 39.502758
-82.980370 39.522591
-83.066803 39.581715
-83.124512 39.621006
-83.211205 39.679752
-83.240189 39.699207
-83.298233 39.737991
-83.385429 39.795979
-83.443649 39.834511
-83.501869 39.873043
-83.677025 39.987877
-83.764977 40.044720
-83.823692 40.082485
-83.853088 40.101303
-83.941528 40.157375
-84.030212 40.213062
-84.089417 40.250057
-84.148621 40.287052
-84.178261 40.305485
-84.267433 40.360394
-84.326958 40.396870
-84.416367 40.451389
-84.476051 40.487606
-84.565697 40.541737
-84.595657 40.559650
-84.685768 40.612995
-84.745918 40.648426
-84.806068 40.683857
-84.896416 40.736809
-84.956726 40.771976
-84.986916 40.789494
-85.077721 40.841656
-85.138336 40.876297
-85.229370 40.928062
-85.259789 40.945183
-85.351265 40.996151
-85.412323 41.029995
-85.504021 41.080563
-85.565231 41.114140
-85.626587 41.147449
-85.688087 41.180492
-85.749588 41.213535
-85.841942 41.262897
-85.934509 41.311859
-85.965439 41.328045
-86.027367 41.360279
-86.120361 41.408428
-86.213562 41.456173
-86.275764 41.487865
-86.306900 41.503643
-86.400513 41.550571
-86.462990 41.581722
-86.556808 41.628242
-86.588150 41.643612
-86.682373 41.689312
-86.745255 41.719643
-86.839676 41.764931
-86.871216 41.779888
-86.966026 41.824352
-87.124367 41.897766
-87.219566 41.941399
-87.283096 41.970348
-87.378479 42.013565
-87.442131 42.042240
-87.473991 42.056507
-87.569748 42.098892
-87.601730 42.112881
-87.665756 42.140717
-87.761879 42.182262
-87.826019 42.209820
-87.858124 42.223530
-87.954605 42.264236
-88.018990 42.291233
-88.083374 42.318230
-88.115593 42.331657
-88.212425 42.371521
-88.277039 42.397957
-88.341766 42.424110
-88.406609 42.449982
-88.471451 42.475853
-88.536293 42.501724
-88.633644 42.540318
-88.666153 42.553040
-88.763832 42.590782
-88.796394 42.603363
-88.894073 42.641106
-88.926689 42.653545
-89.024696 42.690434
-89.090088 42.714882
-89.155479 42.739330
-89.253647 42.775791
-89.319145 42.799953
-89.417473 42.835983
-89.450302 42.847851
-89.516006 42.871441
-89.581711 42.895031
-89.680351 42.930202
-89.746162 42.953506
-89.844955 42.988247
-89.877937 42.999683
-89.943947 43.022411
-90.043037 43.056290
-90.109146 43.078732
-90.142227 43.089878
-90.241608 43.122890
-90.307907 43.144753
-90.374207 43.166615
-90.573395 43.231335
-90.639885 43.252617
-90.706375 43.273899
-90.806183 43.305607
-90.839500 43.316032
-90.939575 43.346867
-91.006340 43.367279
-91.073105 43.387691
-91.106506 43.397823
-91.206848 43.427784
-91.273788 43.447613
-91.340729 43.467442
-91.441200 43.496964
-91.474731 43.506657
-91.541840 43.525902
-91.642563 43.554546
-91.709755 43.573498
-91.776947 43.592449
-91.810562 43.601852
-91.911537 43.629616
-91.978889 43.647980
-92.079979 43.675304
-92.079979 43.675304
-92.181190 43.702187
-92.248703 43.719963
-92.316216 43.737740
-92.417542 43.764179
-92.485130 43.781658
-92.518944 43.790325
-92.620499 43.815880
-92.688240 43.832771
-92.755981 43.849663
-92.823723 43.866554
-92.925385 43.891666
-92.959312 43.899891
-93.027199 43.916187
-93.095085 43.932484
-93.196968 43.956707
-93.264923 43.972710
-93.332878 43.988712
-93.400902 44.004417
-93.468994 44.019825
-93.537086 44.035233
-93.639275 44.058121
-93.707436 44.073231
-93.775597 44.088341
-93.877884 44.110783
-93.912010 44.118114
-94.048584 44.147144
-94.219383 44.183060
-94.321953 44.204163
-94.356171 44.211048
-94.424644 44.224667
-94.493118 44.238285
-94.595871 44.258492
-94.664398 44.271812
-94.767235 44.291569
-94.767235 44.291569
-94.870155 44.310879
-94.938797 44.323601
-95.041801 44.342461
-95.110504 44.354885
-95.179207 44.367310
-95.282295 44.385719
-95.316681 44.391705
-95.419930 44.409214
-95.488785 44.420738
-95.557640 44.432262
-95.592079 44.437950
-95.695473 44.454559
-95.764427 44.465481
-95.867889 44.481636
-95.902405 44.486870
-95.971451 44.497189
-96.040497 44.507507
-96.144096 44.522762
-96.213188 44.532780
-96.247742 44.537712
-96.316872 44.547428
-96.420601 44.561775
-96.489777 44.571190
-96.593567 44.585087
-96.628181 44.589569
-96.697433 44.598381
-96.766685 44.607193
-96.870598 44.620182
-96.905251 44.624359
-96.974579 44.632565
-97.078598 44.644646
-97.147964 44.652550
-97.217331 44.660454
-97.321404 44.672081
-97.390800 44.679684
-97.425507 44.683407
-97.529678 44.694126
-97.599136 44.701122
-97.668594 44.708118
-97.703331 44.711540
-97.946602 44.734432
-97.981369 44.737553
-98.050919 44.743637
-98.155258 44.752537
-98.224831 44.758320
-98.294403 44.764103
-98.329193 44.766918
-98.433609 44.774906
-98.503227 44.780083
-98.572845 44.785259
-98.642464 44.790436
-98.746910 44.797970
-98.781738 44.800331
-98.851402 44.804897
-98.921066 44.809464
-99.025574 44.816086
-99.060417 44.818142
-99.130119 44.822102
-99.199821 44.826061
-99.304382 44.831772
-99.374100 44.835426
-99.443817 44.839081
-99.478683 44.840832
-99.583290 44.845631
-99.653038 44.848679
-99.722786 44.851727
-99.827415 44.856068
-99.862297 44.857361
-99.932068 44.859798
-100.036728 44.863228
-100.106506 44.865360
-100.176285 44.867493
-100.211174 44.868484
-100.315865 44.870998
-100.385658 44.872524
-100.490356 44.874580
-100.560158 44.875801
-100.629959 44.877022
-100.734665 44.878624
-100.769569 44.879005
-100.874290 44.879692
-100.944099 44.879997
-101.048820 44.880226
-101.083725 44.880150
-101.153534 44.879845
-101.258255 44.879162
-101.328064 44.878555
-101.362968 44.878174
-101.642181 44.873306
-101.711975 44.871784
-101.816666 44.869274
-101.816666 44.869274
-101.921341 44.866306
-101.991119 44.864174
-102.095779 44.860748
-102.130661 44.859455
-102.235291 44.855118
-102.270164 44.853672
-102.374794 44.849335
-102.409660 44.847736
-102.514252 44.842487
-102.583969 44.838837
-102.688530 44.833130
-102.758232 44.829174
-102.793076 44.827118
-102.897583 44.820499
-102.967247 44.815933
-103.071724 44.808857
-103.106537 44.806347
-103.210953 44.798359
-103.280548 44.792885
-103.384926 44.784443
-103.454498 44.778664
-103.558838 44.769768
-103.593605 44.766651
-103.697868 44.756844
-103.767357 44.750153
-103.871574 44.739891
-103.906296 44.736320
-103.975723 44.729023
-104.079849 44.717854
-104.183922 44.706230
-104.253288 44.698330
-104.357307 44.686253
-104.391960 44.682076
-104.495872 44.669090
-104.565125 44.660282
-104.668976 44.646843
-104.703575 44.642212
-104.807304 44.627865
-104.876442 44.618149
-104.945580 44.608433
-105.049248 44.593636
-105.083786 44.588551
-105.290787 44.556694
-105.359741 44.545776
-105.463135 44.529171
-105.497574 44.523487
-105.600822 44.505981
-105.669624 44.494160
-105.738380 44.482040
-105.807083 44.469620
-105.875786 44.457199
-105.910118 44.450912
-106.013046 44.431606
-106.081635 44.418587
-106.150162 44.405266
-106.218636 44.391647
-106.287109 44.378029
-106.389771 44.357376
-106.423958 44.350342
-106.526436 44.328796
-106.560562 44.321465
-106.662849 44.299026
-106.731010 44.283916
-106.833199 44.261032
-106.867226 44.253254
-106.969208 44.229477
-107.037163 44.213478
-107.071121 44.205406
-107.172897 44.180740
-107.240707 44.164150
-107.308517 44.147560
-107.376259 44.130672
-107.443924 44.113491
-107.545364 44.087494
-107.612953 44.070015
-107.714279 44.043575
-107.748016 44.034615
-107.849106 44.007294
-107.916458 43.988934
-108.017433 43.961170
-108.051048 43.951771
-108.151772 43.923130
-108.218880 43.903889
-108.285904 43.884354
-108.352844 43.864529
-108.419785 43.844704
-108.520126 43.814747
-108.553528 43.804615
-108.653603 43.773781
-108.820175 43.721664
-108.919983 43.689960
-108.986382 43.668388
-109.052681 43.646526
-109.118980 43.624664
-109.185188 43.602516
-109.251297 43.580078
-109.317406 43.557640
-109.383415 43.534912
-109.449326 43.511898
-109.548119 43.477161
-109.581001 43.465439
-109.679482 43.429840
-109.745087 43.405964
-109.777863 43.393955
-109.843361 43.369793
-109.941528 43.333336
-109.974197 43.321041
-110.072044 43.283730
-110.137222 43.258713
-110.202286 43.233414
-110.267242 43.207829
-110.332199 43.182243
-110.364647 43.169380
-110.461830 43.130367
-110.526558 43.104218
-110.591171 43.077785
-110.655670 43.051071
-110.752335 43.010788
-110.784500 42.997219
-110.880806 42.956093
-110.944954 42.928535
-111.041077 42.886990
-111.073059 42.873001
-111.136963 42.844887
-111.232719 42.802505
-111.296501 42.774113
-111.328362 42.759846
-111.423752 42.716629
-111.487282 42.687679
-111.582481 42.644047
-111.677490 42.600002
-111.709091 42.585182
-111.803711 42.540310
-111.866722 42.510258
-111.929604 42.479931
-112.086311 42.403084
-112.180130 42.356567
-112.211334 42.340923
-112.304749 42.293587
-112.366951 42.261894
-112.429016 42.229931
-112.460014 42.213882
-112.553009 42.165733
-112.583939 42.149548
-112.676506 42.100590
-112.738152 42.067818
-112.799652 42.034775
-112.891571 41.984608
-112.922142 41.967751
-113.013626 41.916786
-113.074539 41.882675
-113.135300 41.848301
-113.195915 41.813660
-113.286720 41.761501
-113.316910 41.743984
-113.407257 41.691036
-113.437294 41.673256
-113.497292 41.637562
-113.557137 41.601608
-113.646545 41.547089
-113.676270 41.528786
-113.735634 41.492050
-113.794838 41.455055
-113.853882 41.417805
-113.883362 41.399117
-113.971558 41.342663
-114.000877 41.323715
-114.088577 41.266491
-114.146965 41.228214
-114.205185 41.189686
-114.263237 41.150902
-114.292221 41.131447
-114.378914 41.072701
-114.407722 41.052994
-114.493896 40.993496
-114.551262 40.953705
-114.608452 40.913662
-114.665466 40.873371
-114.722305 40.832832
-114.778969 40.792046
-114.863823 40.730682
-114.892021 40.710106
-115.060387 40.585533
-115.088310 40.564587
-115.171806 40.501385
-115.227379 40.459129
-115.282768 40.416634
-115.337967 40.373894
-115.420631 40.309605
-115.448090 40.288055
-115.530190 40.223049
-115.584831 40.179592
-115.639282 40.135895
-115.720520 40.069817
-115.747505 40.047672
-115.801376 40.003269
-115.882034 39.936485
-115.908821 39.914108
-115.988899 39.846622
-116.042183 39.801517
-116.095268 39.756180
-116.148155 39.710609
-116.200844 39.664810
-116.253334 39.618782
-116.305626 39.572525
-116.357712 39.526039
-116.409798 39.479553
-116.461678 39.432842
-116.539040 39.362267
-116.590515 39.315102
-116.616203 39.291466
-116.692947 39.220219
-116.744011 39.172607
-116.794861 39.124775
-116.845505 39.076721
-116.921310 39.004475
-116.946472 38.980282
-117.021645 38.907375
-117.046593 38.882965
-117.121124 38.809406
-117.195335 38.735523
-117.219963 38.710789
-117.293526 38.636261
-117.342461 38.586468
-117.391174 38.536461
-117.439674 38.486244
-117.512260 38.410759
-117.536346 38.385490
-117.608269 38.309376
-117.727028 38.181477
-117.797607 38.104118
-117.844551 38.052444
-117.891266 38.000565
-117.937752 37.948483
-117.984016 37.896198
-118.030052 37.843712
-118.098930 37.764832
-118.167465 37.685650
-118.190193 37.659157
-118.258034 37.579380
-118.302910 37.525902
-118.369698 37.445244
-118.391846 37.418262
-118.457932 37.337025
-118.501869 37.282772
-118.545570 37.228329
-118.589035 37.173695
-118.632256 37.118870
-118.696548 37.036213
-118.760483 36.953274
-118.781670 36.925533
-118.844879 36.842041
-118.865829 36.814117
-118.928307 36.730076
-118.969589 36.673779
-119.030960 36.588928
-119.051292 36.560555
-119.111923 36.475170
-119.132011 36.446621
-119.191895 36.360710
-119.231438 36.303177
-119.290192 36.216492
-119.309647 36.187511
-119.367638 36.100315
-119.425247 36.012867
-119.463272 35.954319
-119.519737 35.866123
-119.538429 35.836643
-119.594116 35.747959
-119.612549 35.718319
-119.685509 35.599270
-119.721725 35.539589
-119.757683 35.479748
-119.811035 35.389637
-119.846207 35.329330
-119.950142 35.147499
-119.984253 35.086590
-120.018105 35.025532
-120.051689 34.964325
-120.101463 34.872189
-120.134239 34.810547
-120.182800 34.717766
-120.198853 34.686768
-120.246605 34.593567
-120.278030 34.531227
-120.324554 34.437408
-120.355164 34.374660
-120.385223 34.311649
-120.415009 34.248508
-120.444519 34.185238
-120.473747 34.121838
-120.502701 34.058311
-120.545509 33.962742
-120.573631 33.898842
-120.601471 33.834820
-120.629028 33.770676
-120.642601 33.738514
-120.682892 33.641853
-120.709328 33.577240
-120.748352 33.480061
-120.761215 33.447613
-120.799385 33.350098
-120.811966 33.317539
-120.849281 33.219696
-120.873734 33.154305
-120.897903 33.088806
-120.921783 33.023205
-120.956955 32.924568
-120.968536 32.891640
-120.991264 32.825630
-121.024712 32.726395
-121.035713 32.693268
-121.068298 32.593746
-121.079018 32.560524
-121.110733 32.460720
-121.131439 32.394047
-121.161842 32.293839
-121.171829 32.260391
-121.201355 32.159920
-121.220604 32.092812
-121.248810 31.991962
-121.258064 31.958305
-121.311394 31.755770
-121.336952 31.654217
-121.345322 31.620329
-121.369995 31.518557
-121.386002 31.450603
-121.401413 31.382513
-121.416527 31.314356
-121.431343 31.246134
-121.438530 31.211975
-121.459633 31.109404
-121.473259 31.040932
-121.493019 30.938093
-121.499458 30.903786
-121.511887 30.835087
-121.524010 30.766335
-121.535835 30.697531
-121.552895 30.594210
-121.563820 30.525257
-121.569054 30.490746
-121.584312 30.387144
-121.589249 30.352589
-121.603600 30.248857
-121.612717 30.179642
-121.625710 30.075731
-121.629890 30.041077
-121.641975 29.937057
-121.645851 29.902367
-121.657028 29.798244
-121.660606 29.763521
-121.670876 29.659306
-121.674149 29.624552
-121.680237 29.555004
-121.688683 29.450626
-121.693863 29.381006
-121.700943 29.276525
-121.705208 29.206842
-121.710922 29.102278
-121.712677 29.067415
-121.717476 28.962805
-121.718925 28.927929
-121.722359 28.823265
-121.724190 28.753475
-121.725716 28.683680
-121.726631 28.613873
-121.727318 28.509155
-121.727394 28.474249
-121.725578 28.264818
-121.722542 28.125225
-121.721550 28.090332
-121.718124 27.985668
-121.715385 27.915909
-121.710594 27.811298
-121.708847 27.776436
-121.704895 27.706736
-121.700638 27.637053
-121.696075 27.567389
-121.690903 27.497766
-121.682465 27.393387
-121.679497 27.358606
-121.673111 27.289085
-121.662849 27.184870
-121.655556 27.115438
-121.647957 27.046040
-121.640060 26.976675
-121.631554 26.907381
-121.618118 26.803528
-121.613487 26.768930
-121.603775 26.699797
-121.588524 26.596193
-121.577904 26.527193
-121.572372 26.492727
-121.555321 26.389406
-121.543503 26.320601
-121.531082 26.251902
-121.518364 26.183256
-121.505348 26.114668
-121.491730 26.046196
-121.470634 25.943623
-121.463455 25.909462
-121.448647 25.841238
-121.425758 25.739050
-121.410057 25.671026
-121.401985 25.637066
-121.377319 25.535292
-121.360435 25.467552
-121.342957 25.399961
-121.316078 25.298750
-121.306969 25.265053
-121.288315 25.197779
-121.269073 25.130669
-121.239555 25.030195
-121.219437 24.963343
-121.188606 24.863264
-121.146042 24.730284
-121.113037 24.630901
-121.101891 24.597822
-121.079163 24.531811
-121.067581 24.498880
-121.032417 24.400242
-121.008545 24.334639
-120.984100 24.269245
-120.959366 24.203959
-120.921631 24.106276
-120.895767 24.041431
-120.869614 23.976700
-120.843178 23.912085
-120.829750 23.879864
-120.802475 23.815599
-120.760933 23.719473
-120.732819 23.655571
-120.704147 23.591917
-120.660515 23.496719
-120.645836 23.465050
-120.600960 23.370432
-120.585724 23.339024
-120.539619 23.245001
-120.508469 23.182522
-120.476776 23.120317
-120.444817 23.058250
-120.396263 22.965467
-120.379807 22.934683
-120.313187 22.811974
-120.296333 22.781406
-120.244972 22.690149
-120.227585 22.659882
-120.157249 22.539265
-120.139465 22.509226
-120.103508 22.449383
-120.067032 22.389856
-119.993042 22.271444
-119.974350 22.241962
-119.917511 22.154011
-119.859909 22.066559
-119.821129 22.008511
-119.781837 21.950802
-119.762001 21.922077
-119.681915 21.807699
-119.661705 21.779236
-119.600342 21.694380
-119.475037 21.526562
-119.432541 21.471174
-119.389565 21.416159
-119.324554 21.334061
-119.280861 21.279613
-119.236694 21.225550
-119.192055 21.171873
-119.124573 21.091799
-119.079231 21.038712
-119.033432 20.986021
-118.963875 20.907740
-118.917160 20.855856
-118.846581 20.778492
-118.798973 20.727432
-118.750916 20.676790
-118.678337 20.601301
-118.629623 20.551292
-118.580475 20.501711
-118.530899 20.452560
-118.456047 20.379322
-118.405830 20.330824
-118.355194 20.282766
-118.304138 20.235153
-118.227089 20.164234
-118.175415 20.117292
-118.123329 20.070803
-118.070839 20.024771
-118.044449 20.001926
-117.938278 19.911243
-117.911591 19.888746
-117.830933 19.821959
-117.803856 19.799931
-117.722046 19.734560
-117.694588 19.713009
-117.584190 19.627523
-117.556450 19.606333
-117.472679 19.543491
-117.416382 19.502209
-117.331528 19.440838
-117.274696 19.400295
-117.217506 19.360250
-117.159973 19.320705
-117.102097 19.281664
-117.014900 19.223673
-116.956520 19.185392
-116.897804 19.147623
-116.838760 19.110369
-116.539558 18.930578
-116.478951 18.895935
-116.387695 18.844564
-116.326637 18.810717
-116.265282 18.777403
-116.203644 18.744625
-116.110863 18.696066
-116.048798 18.664099
-116.017662 18.648319
-115.923843 18.601795
-115.892433 18.586561
-115.798012 18.541269
-115.734871 18.511488
-115.671471 18.482258
-115.639679 18.467852
-115.575905 18.439455
-115.511879 18.411615
-115.447617 18.384336
-115.383118 18.357618
-115.286110 18.318176
-115.253716 18.305170
-115.156197 18.267000
-115.123581 18.254560
-115.058189 18.230110
-114.992584 18.206232
-114.893951 18.171059
-114.861023 18.159477
-114.761932 18.125597
-114.728806 18.114592
-114.662407 18.093016
-114.595825 18.072021
-114.495750 18.041183
-114.428902 18.021063
-114.361877 18.001526
-114.294685 17.982574
-114.227333 17.964211
-114.126122 17.937326
-114.058533 17.919846
-113.990791 17.902954
-113.956871 17.894732
-113.854889 17.870951
-113.786797 17.855541
-113.684509 17.833097
-113.650352 17.825914
-113.581940 17.811995
-113.513412 17.798672
-113.238403 17.750175
-113.169449 17.739252
-113.100403 17.728931
-113.031311 17.718912
-112.927582 17.704563
-112.892967 17.700081
-112.789001 17.687544
-112.754311 17.683668
-112.650192 17.672493
-112.580734 17.665497
-112.511215 17.659107
-112.441643 17.653324
-112.372025 17.648149
-112.337196 17.645790
-112.197830 17.637264
-112.162979 17.635361
-112.058372 17.630564
-112.023491 17.629269
-111.953712 17.627136
-111.849022 17.624622
-111.779221 17.623404
-111.709412 17.622793
-111.639595 17.622791
-111.569786 17.623400
-111.499985 17.624617
-111.395294 17.627129
-111.360405 17.628119
-111.255760 17.632000
-111.220894 17.633598
-111.116333 17.639305
-111.046654 17.643566
-110.976990 17.648130
-110.907372 17.653303
-110.837799 17.659082
-110.803032 17.662201
-110.664047 17.675581
-110.629326 17.679153
-110.559929 17.686752
-110.490601 17.694958
-110.386688 17.707945
-110.317474 17.717056
-110.248337 17.726772
-110.179291 17.737091
-110.110336 17.748011
-110.075897 17.753696
-109.938286 17.777340
-109.903923 17.783476
-109.663963 17.829573
-109.561485 17.851120
-109.527390 17.858601
-109.459297 17.874008
-109.391342 17.890009
-109.289566 17.914677
-109.221825 17.931564
-109.154236 17.949043
-109.086800 17.967112
-109.019524 17.985767
-108.952332 18.004717
-108.851730 18.033800
-108.818283 18.043787
-108.718208 18.074621
-108.684937 18.085190
-108.552147 18.128336
-108.519020 18.139339
-108.419930 18.173216
-108.387001 18.184795
-108.255585 18.231976
-108.222809 18.243986
-108.124802 18.280872
-108.092239 18.293453
-107.994888 18.332045
-107.930161 18.358196
-107.833328 18.398058
-107.801170 18.411627
-107.705048 18.453173
-107.641144 18.481289
-107.577370 18.509684
-107.482170 18.553316
-107.450569 18.568136
-107.324547 18.628246
-107.293137 18.643480
-107.199318 18.690001
-107.136978 18.721422
-107.043777 18.769167
-107.012848 18.785353
-106.920494 18.834717
-106.859138 18.868029
-106.767441 18.918596
-106.737022 18.935719
-106.646217 18.987879
-106.555870 19.040831
-106.495872 19.076525
-106.436188 19.112741
-106.229256 19.242676
-106.170708 19.280699
-106.054276 19.357763
-106.025291 19.377220
-105.938858 19.436344
-105.910217 19.456303
-105.824829 19.516928
-105.739975 19.578295
-105.683678 19.619576
-105.599907 19.682415
-105.544334 19.724672
-105.461395 19.788603
-105.433937 19.810154
-105.352127 19.875521
-105.325050 19.897547
-105.217308 19.986359
-105.190521 20.008738
-105.110741 20.076572
-105.084343 20.099415
-104.979362 20.191477
-104.927277 20.237965
-104.875603 20.284904
-104.849915 20.308542
-104.773483 20.380127
-104.722839 20.428183
-104.647354 20.500763
-104.622406 20.525175
-104.572823 20.574324
-104.523674 20.623903
-104.450439 20.698753
-104.401939 20.748972
-104.353882 20.799612
-104.306267 20.850670
-104.235352 20.927723
-104.188408 20.979399
-104.141922 21.031483
-104.095894 21.083971
-104.027367 21.163153
-103.982025 21.216238
-103.937149 21.269718
-103.870361 21.350376
-103.826187 21.404438
-103.782486 21.458883
-103.760818 21.486248
-103.674858 21.596275
-103.653549 21.623922
-103.611290 21.679493
-103.486710 21.847853
-103.445923 21.904510
-103.405380 21.961346
-103.345131 22.046995
-103.325294 22.075720
-103.266167 22.162151
-103.246582 22.191048
-103.188591 22.278246
-103.150566 22.336796
-103.112801 22.395512
-103.075287 22.454391
-103.038292 22.513596
-103.001816 22.573120
-102.947685 22.662764
-102.911987 22.722761
-102.894333 22.752876
-102.841774 22.843452
-102.824387 22.873720
-102.773018 22.964975
-102.756165 22.995543
-102.705994 23.087463
-102.689407 23.118176
-102.623856 23.241459
-102.607674 23.272387
-102.575706 23.334452
-102.544014 23.396656
-102.512589 23.458998
-102.481712 23.521610
-102.436012 23.615831
-102.420914 23.647305
-102.376038 23.741920
-102.346535 23.805193
-102.317581 23.868721
-102.288910 23.932373
-102.260513 23.996151
-102.218544 24.092094
-102.204697 24.124136
-102.177139 24.188280
-102.149864 24.252542
-102.136436 24.284763
-102.109718 24.349262
-102.083282 24.413877
-102.057129 24.478607
-102.031258 24.543449
-102.005669 24.608404
-101.980362 24.673471
-101.967926 24.706087
-101.871269 24.968081
-101.847961 25.033890
-101.813652 25.132830
-101.780205 25.232065
-101.758339 25.298367
-101.726196 25.398031
-101.705490 25.464705
-101.675095 25.564915
-101.655266 25.631853
-101.616783 25.766071
-101.598129 25.833345
-101.571243 25.934555
-101.545242 26.035995
-101.528351 26.103735
-101.503685 26.205507
-101.479904 26.307491
-101.464790 26.375650
-101.435760 26.512226
-101.428726 26.546417
-101.401489 26.683361
-101.388466 26.751949
-101.376045 26.820648
-101.358086 26.923817
-101.346565 26.992672
-101.335648 27.061626
-101.319946 27.165161
-101.309929 27.234251
-101.295578 27.337984
-101.286469 27.407200
-101.277962 27.476492
-101.265884 27.580513
-101.258286 27.649912
-101.251289 27.719374
-101.241478 27.823633
-101.238358 27.858400
-101.226799 27.997547
-101.224136 28.032352
-101.219269 28.101995
-101.214706 28.171659
-101.208542 28.276197
-101.206795 28.311060
-101.201996 28.415670
-101.197655 28.520300
-101.195221 28.590071
-101.193398 28.659861
-101.191872 28.729658
-101.189133 28.939079
-101.189056 28.973986
-101.189285 29.078705
-101.189514 29.113611
-101.190659 29.218325
-101.191879 29.288128
-101.193710 29.357918
-101.195839 29.427698
-101.198273 29.497469
-101.201012 29.567228
-101.204056 29.636974
-101.209312 29.741562
-101.213272 29.811262
-101.219894 29.915771
-101.222252 29.950598
-101.229782 30.055046
-101.232445 30.089851
-101.240891 30.194231
-101.243858 30.229012
-101.250244 30.298532
-101.260506 30.402748
-101.267807 30.472179
-101.275406 30.541578
-101.283310 30.610943
-101.291519 30.680271
-101.300026 30.749563
-101.308838 30.818819
-101.317947 30.888035
-101.332298 30.991766
-101.342316 31.060856
-101.352638 31.129902
-101.363258 31.198902
-101.368797 31.233366
-101.385857 31.336687
-101.397682 31.405491
-101.416092 31.508579
-101.422379 31.542915
-101.441689 31.645840
-101.448273 31.680119
-101.468475 31.782871
-101.482391 31.851282
-101.503944 31.953760
-101.518761 32.021984
-101.533875 32.090141
-101.549286 32.158234
-101.564987 32.226257
-101.580986 32.294212
-101.622841 32.463654
-101.648842 32.565094
-101.666321 32.632683
-101.684097 32.700195
-101.702164 32.767628
-101.720528 32.834984
-101.748734 32.935833
-101.767975 33.002941
-101.787514 33.069965
-101.807343 33.136902
-101.827461 33.203754
-101.847870 33.270515
-101.879143 33.370457
-101.889709 33.403725
-101.921852 33.503387
-101.932709 33.536560
-101.965721 33.635941
-101.988159 33.702049
-102.022469 33.800987
-102.034050 33.833916
-102.069221 33.932552
-102.092812 33.998260
-102.116692 34.063862
-102.140854 34.129360
-102.165306 34.194752
-102.190041 34.260036
-102.215057 34.325211
-102.253227 34.422726
-102.279099 34.487568
-102.305252 34.552296
-102.318398 34.584633
-102.358261 34.681469
-102.385262 34.745850
-102.412537 34.810112
-102.453667 34.906418
-102.467514 34.938461
-102.509483 35.034405
-102.523613 35.066326
-102.566414 35.161900
-102.595367 35.225426
-102.624596 35.288826
-102.654099 35.352097
-102.698975 35.446712
-102.744263 35.541134
-102.759499 35.572540
-102.805611 35.666561
-102.883827 35.822586
-102.915520 35.884789
-102.947487 35.946854
-102.996048 36.039635
-103.012367 36.070492
-103.061729 36.162846
-103.078316 36.193558
-103.128487 36.285477
-103.145340 36.316044
-103.196312 36.407524
-103.247681 36.498779
-103.264938 36.529121
-103.317101 36.619926
-103.352272 36.680233
-103.387703 36.740387
-103.423401 36.800385
-103.459358 36.860226
-103.495575 36.919910
-103.550484 37.009079
-103.568916 37.038723
-103.624603 37.127407
-103.643295 37.156887
-103.699753 37.245083
-103.718704 37.274399
-103.775932 37.362099
-103.814209 37.420483
-103.852745 37.478699
-103.891533 37.536747
-103.930573 37.594624
-103.969864 37.652328
-104.028992 37.738758
-104.048828 37.767483
-104.108704 37.853394
-104.128784 37.881943
-104.189407 37.967327
-104.230194 38.023987
-104.271233 38.080467
-104.291809 38.108662
-104.353912 38.192978
-104.416389 38.277020
-104.458405 38.332775
-104.500664 38.388348
-104.542923 38.443920
-104.585426 38.499306
-104.649719 38.581966
-104.671272 38.609425
-104.736282 38.691521
-104.867378 38.854858
-104.889404 38.881939
-104.955841 38.962887
-104.978104 38.989773
-105.045242 39.070141
-105.067741 39.096832
-105.135574 39.176609
-105.180916 39.229694
-105.226486 39.282581
-105.295364 39.361465
-105.341393 39.413952
-105.387650 39.466240
-105.457550 39.544216
-105.480965 39.570107
-105.527908 39.621784
-105.598488 39.699146
-105.645874 39.750412
-105.693489 39.801472
-105.717354 39.826950
-105.789276 39.903069
-105.861526 39.978870
-105.885719 40.004032
-105.934219 40.054253
-105.982933 40.104259
-106.056496 40.178791
-106.105644 40.228371
-106.130272 40.253105
-106.204483 40.326992
-106.254280 40.375923
-106.304291 40.424637
-106.354301 40.473351
-106.404518 40.521847
-106.480324 40.594097
-106.530968 40.642155
-106.556343 40.666126
-106.632774 40.737713
-106.709518 40.808964
-106.735207 40.832603
-106.812569 40.903183
-106.864243 40.950123
-106.941910 41.020363
-106.967903 41.043663
-107.046181 41.113224
-107.072372 41.136295
-107.151253 41.205170
-107.203941 41.250