0.279253 0.000000
0.349066 0.000000
0.453785 0.000228
0.523598 0.000533
0.593410 0.000838
0.663223 0.001142
0.733035 0.001447
0.802848 0.001752
0.872661 0.002056
0.942473 0.002361
1.047191 0.003046
1.082096 0.003275
1.186814 0.003960
1.221720 0.004188
1.326437 0.004874
1.361343 0.005102
1.431155 0.005407
1.500968 0.005712
1.570781 0.006016
1.605686 0.006245
1.675497 0.006854
1.745307 0.007463
1.815118 0.008072
1.884928 0.008682
1.919834 0.008910
1.989647 0.009215
2.059459 0.009519
2.094365 0.009748
2.164176 0.010357
2.199081 0.010585
2.268894 0.010890
2.338706 0.011195
2.338706 0.011195
2.408519 0.011499
2.478332 0.011804
2.478332 0.011804
2.513238 0.011880
2.583051 0.011880
2.617958 0.011956
2.652864 0.012032
2.687770 0.011956
2.722677 0.011880
2.757583 0.011804
2.792490 0.011728
2.827396 0.011652
2.862302 0.011575
2.897209 0.011499
2.932115 0.011423
2.967021 0.011347
2.967021 0.011347
3.036834 0.011042
3.036834 0.011042
3.071740 0.010814
3.106646 0.010585
3.106646 0.010585
3.141552 0.010357
3.176458 0.010128
3.316072 0.008301
3.316072 0.008301
3.350969 0.007463
3.350969 0.007463
3.385861 0.006473
3.385861 0.006473
3.420749 0.005331
3.420749 0.005331
3.455631 0.004037
3.455631 0.004037
3.490508 0.002590
3.490508 0.002590
3.525378 0.000992
3.525378 0.000992
3.560241 -0.000759
3.560241 -0.000759
3.560241 -0.000759
3.595095 -0.002662
3.595095 -0.002662
3.664796 -0.006620
3.664796 -0.006620
3.664796 -0.006620
3.699642 -0.008675
3.699642 -0.008675
3.699642 -0.008675
3.734479 -0.010882
3.769316 -0.013089
3.769316 -0.013089
3.804153 -0.015296
3.804153 -0.015296
3.873816 -0.019862
3.873816 -0.019862
3.908643 -0.022221
3.908643 -0.022221
3.978286 -0.027091
3.978286 -0.027091
4.013103 -0.029602
4.047919 -0.032113
4.082735 -0.034624
4.082735 -0.034624
4.152356 -0.039797
4.152356 -0.039797
4.221977 -0.044971
4.221977 -0.044971
4.256782 -0.047634
4.291587 -0.050297
4.326392 -0.052960
4.361197 -0.055622
4.396001 -0.058285
4.396001 -0.058285
4.465599 -0.063763
4.465599 -0.063763
4.535197 -0.069240
4.535197 -0.069240
4.569990 -0.072055
4.639564 -0.077836
4.709137 -0.083617
4.709137 -0.083617
4.743917 -0.086583
4.778698 -0.089550
4.813478 -0.092516
4.848259 -0.095483
4.883039 -0.098449
4.883039 -0.098449
4.952587 -0.104534
4.952587 -0.104534
5.022135 -0.110618
5.056902 -0.113737
5.056902 -0.113737
5.126422 -0.120125
5.126422 -0.120125
5.195943 -0.126513
5.195943 -0.126513
5.265463 -0.132901
5.265463 -0.132901
5.300217 -0.136171
5.369709 -0.142862
5.369709 -0.142862
5.439200 -0.149553
5.439200 -0.149553
5.508692 -0.156244
5.508692 -0.156244
5.543431 -0.159666
5.543431 -0.159666
5.612893 -0.166660
5.647616 -0.170233
5.682339 -0.173806
5.682339 -0.173806
5.751801 -0.180801
5.786524 -0.184374
5.821248 -0.187947
5.821248 -0.187947
5.855971 -0.191520
5.855971 -0.191520
5.925402 -0.198817
5.925402 -0.198817
5.994833 -0.206115
5.994833 -0.206115
6.029540 -0.209839
6.064248 -0.213563
6.098955 -0.217288
6.133663 -0.221012
6.168370 -0.224737
6.168370 -0.224737
6.203078 -0.228461
6.237785 -0.232186
6.272493 -0.235910
6.307200 -0.239635
6.341908 -0.243359
6.411339 -0.250657
6.446046 -0.254381
6.480754 -0.258105
6.515461 -0.261830
6.550169 -0.265554
6.584877 -0.269279
6.584877 -0.269279
6.654275 -0.276879
6.688982 -0.280604
6.723690 -0.284328
6.723690 -0.284328
6.758398 -0.288053
6.827828 -0.295350
6.827828 -0.295350
6.862536 -0.299074
6.897243 -0.302799
6.931951 -0.306523
6.966659 -0.310248
7.001366 -0.313972
7.036074 -0.317697
7.070781 -0.321421
7.105489 -0.325146
7.140196 -0.328870
7.174904 -0.332595
7.209611 -0.336319
7.244319 -0.340043
7.279027 -0.343768
7.313734 -0.347492
7.348442 -0.351217
7.383149 -0.354941
7.417857 -0.358666
7.452564 -0.362390
7.487272 -0.366115
7.556670 -0.373715
7.556670 -0.373715
7.626069 -0.381315
7.660759 -0.385191
7.695450 -0.389067
7.730141 -0.392943
7.730141 -0.392943
7.799506 -0.400846
7.834197 -0.404722
7.868887 -0.408598
7.903578 -0.412474
7.938269 -0.416349
8.007633 -0.424252
8.007633 -0.424252
8.076998 -0.432156
8.111689 -0.436031
8.146379 -0.439907
8.215744 -0.447810
8.215744 -0.447810
8.285109 -0.455713
8.285109 -0.455713
8.423838 -0.471520
8.493202 -0.479423
8.527876 -0.483450
8.562550 -0.487477
8.597223 -0.491504
8.631897 -0.495531
8.701262 -0.503434
8.735935 -0.507462
8.770609 -0.511489
8.839973 -0.519392
8.839973 -0.519392
8.909338 -0.527295
8.944012 -0.531322
8.978685 -0.535349
9.013359 -0.539377
9.082688 -0.547582
9.082688 -0.547582
9.152018 -0.555788
9.152018 -0.555788
9.221347 -0.563994
9.256021 -0.568021
9.290694 -0.572048
9.360023 -0.580254
9.360023 -0.580254
9.429353 -0.588459
9.464008 -0.592638
9.498664 -0.596816
9.567993 -0.605022
9.567993 -0.605022
9.637322 -0.613227
9.671978 -0.617406
9.706634 -0.621584
9.741289 -0.625763
9.775945 -0.629941
9.845274 -0.638147
9.845274 -0.638147
9.914603 -0.646353
9.949259 -0.650531
9.983914 -0.654710
10.018570 -0.658888
10.053226 -0.663066
10.087881 -0.667245
10.157174 -0.675753
10.157174 -0.675753
10.226467 -0.684261
10.261123 -0.688440
10.295778 -0.692618
10.330434 -0.696796
10.399763 -0.705002
10.399763 -0.705002
10.469092 -0.713208
10.503748 -0.717386
10.538404 -0.721565
10.642370 -0.734100
10.677026 -0.738279
10.746355 -0.746484
10.746355 -0.746484
10.815684 -0.754690
10.850340 -0.758868
10.884995 -0.763047
10.954325 -0.771252
10.954325 -0.771252
11.023654 -0.779458
11.058310 -0.783637
11.092965 -0.787815
11.127621 -0.791993
11.162276 -0.796172
11.231606 -0.804378
11.231606 -0.804378
11.300935 -0.812583
11.300935 -0.812583
11.370264 -0.820789
11.404920 -0.824967
11.439575 -0.829146
11.508904 -0.837351
11.508904 -0.837351
11.578234 -0.845557
11.647563 -0.853763
11.647563 -0.853763
11.716892 -0.861968
11.751548 -0.866147
11.786203 -0.870325
11.820859 -0.874504
11.855515 -0.878682
11.924844 -0.886888
11.924844 -0.886888
11.994173 -0.895094
12.028829 -0.899272
12.063484 -0.903450
12.132813 -0.911656
12.132813 -0.911656
12.202143 -0.919862
12.236798 -0.924040
12.271454 -0.928219
12.340783 -0.936424
12.340783 -0.936424
12.410112 -0.944630
12.444768 -0.948808
12.514061 -0.957317
12.514061 -0.957317
12.583354 -0.965825
12.583354 -0.965825
12.652647 -0.974333
12.721940 -0.982841
12.791233 -0.991349
12.860526 -0.999857
12.895164 -1.004187
12.929801 -1.008516
12.964438 -1.012846
13.033693 -1.021656
13.068331 -1.025986
13.102968 -1.030315
13.137606 -1.034645
13.206899 -1.043153
13.241536 -1.047482
13.276174 -1.051812
13.310811 -1.056142
13.380066 -1.064952
13.380066 -1.064952
13.449321 -1.073762
13.483958 -1.078092
13.518596 -1.082422
13.587851 -1.091232
13.622488 -1.095562
13.657125 -1.099891
13.691763 -1.104221
13.761056 -1.112729
13.795693 -1.117058
13.830331 -1.121388
13.899624 -1.129896
13.934261 -1.134225
13.968899 -1.138555
14.038192 -1.147063
14.038192 -1.147063
14.107485 -1.155571
14.142122 -1.159901
14.176760 -1.164230
14.246053 -1.172738
14.280690 -1.177068
14.315328 -1.181398
14.384621 -1.189906
14.384621 -1.189906
14.453914 -1.198414
14.488551 -1.202743
14.557806 -1.211554
14.592443 -1.215883
14.627081 -1.220213
14.661718 -1.224542
14.731011 -1.233050
14.765649 -1.237380
14.800286 -1.241710
14.869579 -1.250218
14.904217 -1.254547
14.973472 -1.263358
14.973472 -1.263358
15.111981 -1.280978
15.181236 -1.289789
15.181236 -1.289789
15.250491 -1.298599
15.319746 -1.307410
15.319746 -1.307410
15.389001 -1.316220
15.389001 -1.316220
15.458256 -1.325030
15.492873 -1.329511
15.527491 -1.333992
15.596745 -1.342802
15.596745 -1.342802
15.666000 -1.351613
15.735255 -1.360423
15.735255 -1.360423
15.804510 -1.369233
15.839128 -1.373714
15.873745 -1.378195
15.908362 -1.382676
15.942980 -1.387156
16.012236 -1.395967
16.046854 -1.400447
16.081472 -1.404928
16.116091 -1.409409
16.185307 -1.418521
16.185307 -1.418521
16.254522 -1.427634
16.289141 -1.432114
16.323759 -1.436595
16.392975 -1.445708
16.392975 -1.445708
16.462191 -1.454820
16.531406 -1.463933
16.531406 -1.463933
16.600622 -1.473045
16.635220 -1.477677
16.669817 -1.482309
16.739033 -1.491421
16.773630 -1.496053
16.808228 -1.500685
16.877443 -1.509797
16.912041 -1.514429
16.946638 -1.519061
17.015854 -1.528173
17.050451 -1.532805
17.085049 -1.537437
17.154264 -1.546549
17.188862 -1.551181
17.223459 -1.555813
17.258057 -1.560444
17.327232 -1.569859
17.569418 -1.602281
17.604015 -1.606912
17.673191 -1.616327
17.742367 -1.625741
17.742367 -1.625741
17.811543 -1.635155
17.880718 -1.644570
17.880718 -1.644570
17.949894 -1.653984
17.984472 -1.658767
18.053606 -1.668483
18.053606 -1.668483
18.122740 -1.678199
18.191874 -1.687915
18.261007 -1.697631
18.261007 -1.697631
18.330141 -1.707347
18.364697 -1.712281
18.399252 -1.717214
18.468386 -1.726930
18.502941 -1.731864
18.572031 -1.741882
18.606586 -1.746815
18.641142 -1.751749
18.710232 -1.761766
18.779322 -1.771784
18.779322 -1.771784
18.848412 -1.781801
18.882967 -1.786735
18.917522 -1.791668
18.986612 -1.801686
19.055702 -1.811704
19.055702 -1.811704
19.124792 -1.821721
19.159348 -1.826655
19.193903 -1.831588
19.262993 -1.841606
19.332083 -1.851624
19.332083 -1.851624
19.401173 -1.861641
19.470263 -1.871659
19.470263 -1.871659
19.539352 -1.881676
19.608442 -1.891694
19.608442 -1.891694
19.677532 -1.901712
19.712088 -1.906645
19.746643 -1.911579
19.815733 -1.921596
19.884823 -1.931614
19.884823 -1.931614
20.299368 -1.991720
20.368458 -2.001738
20.368458 -2.001738
20.437548 -2.011755
20.472082 -2.016840
20.506617 -2.021924
20.575706 -2.031941
20.610241 -2.037026
20.644775 -2.042110
20.713865 -2.052128
20.713865 -2.052128
20.782955 -2.062145
20.817490 -2.067230
20.852024 -2.072314
20.921114 -2.082331
20.955648 -2.087416
20.990183 -2.092500
21.059273 -2.102518
21.059273 -2.102518
21.128363 -2.112535
21.162897 -2.117620
21.197432 -2.122704
21.266521 -2.132721
21.335611 -2.142739
21.335611 -2.142739
21.404701 -2.152757
21.473791 -2.162774
21.473791 -2.162774
21.542881 -2.172792
21.611971 -2.182810
21.681061 -2.192827
21.681061 -2.192827
21.750151 -2.202845
21.784685 -2.207929
21.853731 -2.218248
21.888266 -2.223332
21.957355 -2.233350
21.957355 -2.233350
22.026445 -2.243368
22.095535 -2.253385
22.130070 -2.258470
22.164604 -2.263554
22.233694 -2.273571
22.268229 -2.278656
22.337275 -2.288975
22.371809 -2.294059
22.406343 -2.299143
22.475389 -2.309462
22.544436 -2.319781
22.544436 -2.319781
22.613482 -2.330100
22.751574 -2.350738
22.820620 -2.361057
22.820620 -2.361057
22.889666 -2.371376
22.924177 -2.376611
22.993177 -2.387231
23.027689 -2.392466
23.096735 -2.402785
23.131247 -2.408020
23.165735 -2.413405
23.234690 -2.424326
23.303644 -2.435247
23.303644 -2.435247
23.372599 -2.446169
23.407063 -2.451705
23.475967 -2.462926
23.544872 -2.474148
23.579313 -2.479834
23.613754 -2.485520
23.682659 -2.496742
23.717100 -2.502428
23.785955 -2.513951
23.854811 -2.525473
23.854811 -2.525473
23.923666 -2.536996
23.992521 -2.548518
24.026936 -2.554355
24.095741 -2.566178
24.095741 -2.566178
24.164547 -2.578001
24.233353 -2.589823
24.267742 -2.595810
24.302132 -2.601796
24.370937 -2.613619
24.405327 -2.619606
24.474079 -2.631729
24.474079 -2.631729
24.542831 -2.643852
24.611584 -2.655974
24.645947 -2.662111
24.714645 -2.674534
24.748981 -2.680820
24.783318 -2.687106
24.852016 -2.699529
24.886353 -2.705816
24.954996 -2.718538
25.023640 -2.731261
25.057947 -2.737697
25.126535 -2.750719
25.160843 -2.757155
25.229486 -2.769877
25.332411 -2.789186
25.400999 -2.802207
25.469587 -2.815229
25.503866 -2.821815
25.538145 -2.828401
25.606733 -2.841423
25.675322 -2.854445
25.743910 -2.867467
25.743910 -2.867467
25.812498 -2.880489
25.881086 -2.893511
25.915365 -2.900097
25.949644 -2.906682
26.018232 -2.919704
26.086821 -2.932726
26.155409 -2.945748
26.155409 -2.945748
26.223997 -2.958770
26.292585 -2.971792
26.326864 -2.978378
26.395395 -2.991699
26.429674 -2.998285
26.498262 -3.011307
26.532541 -3.017893
26.601072 -3.031214
26.669603 -3.044534
26.738134 -3.057855
26.738134 -3.057855
26.806665 -3.071176
26.875196 -3.084497
26.943727 -3.097818
27.012259 -3.111139
27.046509 -3.117874
27.080759 -3.124610
27.149290 -3.137931
27.217821 -3.151252
27.286352 -3.164572
27.320602 -3.171308
27.389074 -3.184928
27.457546 -3.198548
27.526018 -3.212168
27.560268 -3.218903
27.628799 -3.232224
27.663050 -3.238959
27.731522 -3.252579
27.799994 -3.266199
27.868465 -3.279819
27.868465 -3.279819
27.971128 -3.300473
28.005350 -3.307357
28.073822 -3.320977
28.210766 -3.348217
28.279238 -3.361837
28.313459 -3.368721
28.381870 -3.382640
28.450281 -3.396558
28.518692 -3.410477
28.518692 -3.410477
28.587103 -3.424395
28.655514 -3.438313
28.723925 -3.452232
28.723925 -3.452232
28.792336 -3.466150
28.860746 -3.480069
28.860746 -3.480069
28.929157 -3.493987
28.997568 -3.507905
28.997568 -3.507905
29.065979 -3.521824
29.134390 -3.535742
29.202801 -3.549661
29.202801 -3.549661
29.271212 -3.563579
29.305433 -3.570464
29.373905 -3.584084
29.408127 -3.590968
29.476538 -3.604887
29.510759 -3.611771
29.544981 -3.618656
29.613392 -3.632574
29.647614 -3.639459
29.716085 -3.653079
29.750307 -3.659963
29.784529 -3.666848
29.853001 -3.680468
29.921473 -3.694088
29.921473 -3.694088
29.989944 -3.707707
30.058416 -3.721327
30.092638 -3.728212
30.126860 -3.735096
30.195332 -3.748716
30.229553 -3.755601
30.263775 -3.762486
30.332247 -3.776105
30.366468 -3.782990
30.434879 -3.796908
30.469070 -3.803942
30.503262 -3.810976
30.537453 -3.818010
30.605803 -3.832227
30.674152 -3.846444
30.674152 -3.846444
30.981588 -3.911090
31.049875 -3.925605
31.118162 -3.940120
31.152290 -3.947452
31.220514 -3.962265
31.288738 -3.977077
31.288738 -3.977077
31.356962 -3.991890
31.425186 -4.006703
31.459282 -4.014184
31.527441 -4.029294
31.595600 -4.044405
31.595600 -4.044405
31.663759 -4.059515
31.731918 -4.074625
31.800077 -4.089736
31.834141 -4.097365
31.902233 -4.112773
31.970325 -4.128181
32.038418 -4.143588
32.038418 -4.143588
32.106510 -4.158996
32.174603 -4.174403
32.242695 -4.189811
32.276722 -4.197589
32.344746 -4.213294
32.412769 -4.228998
32.480793 -4.244703
32.514790 -4.252629
32.582745 -4.268631
32.616741 -4.276557
32.650738 -4.284483
32.718693 -4.300485
32.786648 -4.316486
32.820606 -4.324561
32.922485 -4.348785
32.956444 -4.356860
33.024326 -4.373157
33.092209 -4.389454
33.160091 -4.405752
33.194016 -4.413974
33.261829 -4.430568
33.329643 -4.447161
33.397457 -4.463755
33.397457 -4.463755
33.465271 -4.480348
33.533085 -4.496942
33.600899 -4.513535
33.668713 -4.530128
33.702602 -4.538499
33.770340 -4.555389
33.905819 -4.589168
33.973557 -4.606057
34.041294 -4.622947
34.109032 -4.639836
34.142921 -4.648207
34.210735 -4.664801
34.244625 -4.673172
34.312363 -4.690061
34.380100 -4.706951
34.447838 -4.723840
34.515575 -4.740730
34.583313 -4.757619
34.583313 -4.757619
34.651051 -4.774509
34.718788 -4.791399
34.786526 -4.808288
34.854263 -4.825178
34.922001 -4.842067
34.922001 -4.842067
34.989738 -4.858957
35.057476 -4.875846
35.125214 -4.892736
35.192951 -4.909626
35.260689 -4.926515
35.328426 -4.943405
35.362316 -4.951776
35.430130 -4.968369
35.464020 -4.976740
35.531757 -4.993629
35.599495 -5.010519
35.667233 -5.027409
35.734970 -5.044298
35.802708 -5.061188
35.836597 -5.069559
35.870487 -5.077929
35.938225 -5.094819
36.005962 -5.111709
36.073700 -5.128598
36.141438 -5.145488
36.175327 -5.153859
36.243141 -5.170452
36.277031 -5.178823
36.344769 -5.195713
36.412506 -5.212602
36.480244 -5.229492
36.547981 -5.246381
36.615719 -5.263271
36.683456 -5.280160
36.683456 -5.280160
36.751194 -5.297050
36.818932 -5.313940
36.954411 -5.347718
37.022148 -5.364608
37.089886 -5.381497
37.157623 -5.398387
37.225361 -5.415277
37.225361 -5.415277
37.293098 -5.432166
37.360836 -5.449056
37.428574 -5.465945
37.496311 -5.482835
37.564049 -5.499724
37.564049 -5.499724
37.631786 -5.516614
37.699524 -5.533504
37.767262 -5.550393
37.801151 -5.558764
37.868965 -5.575357
37.902855 -5.583728
38.004520 -5.608840
38.038410 -5.617211
38.106148 -5.634101
38.140038 -5.642472
38.207851 -5.659065
38.275665 -5.675659
38.343479 -5.692252
38.377403 -5.700475
38.411327 -5.708697
38.479141 -5.725291
38.546955 -5.741884
38.580879 -5.750107
38.648762 -5.766404
38.682686 -5.774627
38.784458 -5.799295
38.784458 -5.799295
38.852341 -5.815592
38.920223 -5.831890
38.988106 -5.848187
38.988106 -5.848187
39.055988 -5.864484
39.123871 -5.880782
39.157829 -5.888856
39.191788 -5.896931
39.259670 -5.913229
39.293629 -5.921303
39.361584 -5.937304
39.395542 -5.945379
39.429501 -5.953454
39.497456 -5.969455
39.565411 -5.985456
39.565411 -5.985456
39.667397 -6.009236
39.803444 -6.040645
39.837440 -6.048572
39.871437 -6.056498
39.939461 -6.072203
40.007484 -6.087907
40.075508 -6.103612
40.109535 -6.111390
40.177628 -6.126798
40.211655 -6.134576
40.313740 -6.157910
40.347767 -6.165688
40.415791 -6.181393
40.449818 -6.189171
40.551903 -6.212505
40.585930 -6.220283
40.654022 -6.235691
40.722115 -6.251098
40.790207 -6.266506
40.858299 -6.281913
40.926392 -6.297321
40.994484 -6.312728
41.062576 -6.328136
41.130669 -6.343544
41.198761 -6.358951
41.232788 -6.366729
41.300812 -6.382434
41.368835 -6.398139
41.436859 -6.413843
41.504883 -6.429548
41.572906 -6.445252
41.606903 -6.453179
41.674858 -6.469180
41.742813 -6.485181
41.810768 -6.501183
41.878723 -6.517184
41.912682 -6.525259
41.946640 -6.533333
42.048519 -6.557558
42.082478 -6.565632
42.150433 -6.581634
42.184391 -6.589708
42.252274 -6.606006
42.320156 -6.622303
42.388039 -6.638600
42.455921 -6.654898
42.523804 -6.671195
42.591686 -6.687492
42.625610 -6.695715
42.693424 -6.712308
42.761238 -6.728902
42.829052 -6.745495
42.964676 -6.778683
43.032490 -6.795276
43.032490 -6.795276
43.100304 -6.811870
43.168118 -6.828463
43.235931 -6.845057
43.303745 -6.861650
43.303745 -6.861650
43.371559 -6.878243
43.439373 -6.894837
43.507187 -6.911430
43.575001 -6.928024
43.608891 -6.936395
43.642780 -6.944766
43.710594 -6.961359
43.778408 -6.977952
43.846222 -6.994546
43.846222 -6.994546
43.914036 -7.011139
43.981850 -7.027733
44.049664 -7.044326
44.083553 -7.052697
44.117443 -7.061068
44.185257 -7.077662
44.253071 -7.094255
44.320885 -7.110848
44.388699 -7.127442
44.388699 -7.127442
44.490364 -7.152554
44.524254 -7.160925
44.592068 -7.177518
44.659882 -7.194112
44.693771 -7.202483
44.727661 -7.210854
44.795475 -7.227447
44.863289 -7.244040
44.931103 -7.260634
44.964993 -7.269005
45.032730 -7.285894
45.100468 -7.302784
45.168205 -7.319674
45.235943 -7.336563
45.269833 -7.344934
45.371498 -7.370046
45.371498 -7.370046
45.439236 -7.386936
45.506973 -7.403825
45.574711 -7.420715
45.642448 -7.437604
45.710186 -7.454494
45.744038 -7.463013
45.811703 -7.480197
45.980957 -7.522790
46.048695 -7.539680
46.082546 -7.548198
46.150211 -7.565383
46.217876 -7.582568
46.285542 -7.599752
46.353207 -7.616937
46.420872 -7.634122
46.488537 -7.651307
46.522350 -7.659973
46.556164 -7.668639
46.657604 -7.694637
46.691418 -7.703303
46.792858 -7.729302
46.860447 -7.746782
46.894260 -7.755448
46.995701 -7.781446
47.029514 -7.790112
47.063328 -7.798779
47.130917 -7.816258
47.198505 -7.833738
47.266094 -7.851218
47.333683 -7.868698
47.401272 -7.886178
47.468861 -7.903658
47.536449 -7.921138
47.604038 -7.938618
47.637814 -7.947432
47.739140 -7.973873
47.739140 -7.973873
47.806728 -7.991353
47.874317 -8.008832
47.941906 -8.026312
48.009495 -8.043792
48.077084 -8.061272
48.110859 -8.070086
48.178371 -8.087860
48.212147 -8.096674
48.313473 -8.123115
48.347248 -8.131928
48.414837 -8.149408
48.516163 -8.175849
48.516163 -8.175849
48.583675 -8.193624
48.651188 -8.211398
48.718700 -8.229173
48.786213 -8.246947
48.853725 -8.264722
48.887463 -8.273683
48.988674 -8.300566
49.022411 -8.309526
49.224716 -8.363733
49.258415 -8.372841
49.325771 -8.391204
49.359470 -8.400311
49.460564 -8.427635
49.494263 -8.436743
49.561699 -8.454812
49.629135 -8.472881
49.696571 -8.490951
49.764008 -8.509020
49.797707 -8.518127
49.865063 -8.536490
49.932419 -8.554853
49.999775 -8.573216
50.067131 -8.591579
50.134487 -8.609942
50.168144 -8.619198
50.235420 -8.637855
50.269077 -8.647110
50.370049 -8.674875
50.403706 -8.684131
50.471062 -8.702494
50.504719 -8.711749
50.571991 -8.730406
50.639267 -8.749063
50.706543 -8.767719
50.773819 -8.786376
50.841095 -8.805033
50.874710 -8.814434
50.975559 -8.842639
50.975559 -8.842639
51.076408 -8.870844
51.110023 -8.880245
51.177299 -8.898902
51.244576 -8.917559
51.311852 -8.936215
51.379128 -8.954872
51.446404 -8.973529
51.513680 -8.992186
51.547295 -9.001587
51.648144 -9.029792
51.681759 -9.039193
51.748951 -9.058144
51.816143 -9.077094
51.883335 -9.096045
51.950527 -9.114995
52.017719 -9.133945
52.084911 -9.152896
52.152103 -9.171846
52.219296 -9.190797
52.286488 -9.209747
52.420872 -9.247647
52.488064 -9.266598
52.555256 -9.285548
52.622448 -9.304499
52.689640 -9.323449
52.756832 -9.342400
52.790409 -9.351948
52.857517 -9.371191
52.924625 -9.390434
52.991734 -9.409678
53.058842 -9.428921
53.125950 -9.448164
53.193058 -9.467407
53.260166 -9.486650
53.327274 -9.505894
53.360809 -9.515589
53.461411 -9.544673
53.494946 -9.554368
53.561970 -9.573904
53.628994 -9.593440
53.696018 -9.612976
53.729553 -9.622671
53.796661 -9.641914
53.863770 -9.661158
53.930878 -9.680401
53.964413 -9.690096
54.031437 -9.709632
54.098461 -9.729168
54.165485 -9.748704
54.232510 -9.768240
54.299534 -9.787776
54.366558 -9.807312
54.400093 -9.817007
54.433628 -9.826702
54.500652 -9.846238
54.567677 -9.865774
54.634701 -9.885310
54.701725 -9.904846
54.735214 -9.914687
54.835686 -9.944210
54.835686 -9.944210
54.902710 -9.963746
54.969734 -9.983282
55.036758 -10.002818
55.103783 -10.022354
55.170807 -10.041890
55.204296 -10.051731
55.271233 -10.071559
55.338169 -10.091387
55.405106 -10.111215
55.472042 -10.131042
55.639496 -10.180247
55.672985 -10.190088
55.739922 -10.209916
55.806858 -10.229744
55.873795 -10.249572
55.940731 -10.269400
56.007668 -10.289227
56.074604 -10.309055
56.108051 -10.319042
56.208393 -10.349003
56.208393 -10.349003
56.275330 -10.368831
56.342266 -10.388659
56.409203 -10.408486
56.476139 -10.428314
56.543076 -10.448142
56.576523 -10.458129
56.643375 -10.478249
56.710228 -10.498368
56.777081 -10.518488
56.777081 -10.518488
56.877422 -10.548449
56.910870 -10.558435
56.977722 -10.578555
57.044575 -10.598675
57.111427 -10.618794
57.178280 -10.638914
57.211685 -10.649047
57.278446 -10.669458
57.345207 -10.689870
57.411968 -10.710281
57.478729 -10.730693
57.545490 -10.751104
57.612251 -10.771516
57.679012 -10.791927
57.745773 -10.812339
57.779133 -10.822618
57.845806 -10.843320
57.912479 -10.864022
57.945793 -10.874446
58.045734 -10.905718
58.079048 -10.916142
58.145630 -10.937135
58.212212 -10.958128
58.278793 -10.979121
58.312061 -10.989691
58.411728 -11.021833
58.444950 -11.032548
58.544617 -11.064691
58.710491 -11.118986
58.810017 -11.151564
58.843193 -11.162423
58.909496 -11.184286
58.975800 -11.206149
59.042103 -11.228012
59.108406 -11.249875
59.174709 -11.271738
59.241013 -11.293601
59.274139 -11.304605
59.373520 -11.337616
59.406647 -11.348619
59.506027 -11.381631
59.539154 -11.392634
59.605358 -11.414786
59.671562 -11.436938
59.737766 -11.459090
59.803970 -11.481242
59.870174 -11.503394
59.936378 -11.525546
60.002583 -11.547698
60.068787 -11.569850
60.134991 -11.592002
60.201195 -11.614154
60.267399 -11.636306
60.333603 -11.658458
60.399807 -11.680610
60.432884 -11.691758
60.498993 -11.714199
60.565102 -11.736640
60.631210 -11.759081
60.697319 -11.781522
60.763428 -11.803963
60.829536 -11.826404
60.895645 -11.848845
60.961754 -11.871285
61.027863 -11.893726
61.093971 -11.916167
61.160080 -11.938608
61.193157 -11.949757
61.292393 -11.983201
61.325470 -11.994349
61.424706 -12.027794
61.457783 -12.038942
61.523987 -12.061094
61.557064 -12.072243
61.656300 -12.105687
61.689377 -12.116836
61.887703 -12.184157
61.953812 -12.206598
62.019920 -12.229039
62.086029 -12.251480
62.152138 -12.273921
62.218246 -12.296362
62.284355 -12.318803
62.350464 -12.341244
62.416573 -12.363685
62.482681 -12.386126
62.548790 -12.408566
62.581867 -12.419715
62.648071 -12.441867
62.714275 -12.464019
62.780479 -12.486171
62.813557 -12.497319
62.912792 -12.530764
62.912792 -12.530764
62.978996 -12.552916
63.045200 -12.575068
63.111404 -12.597219
63.144531 -12.608223
63.210835 -12.630086
63.277138 -12.651949
63.343441 -12.673812
63.409744 -12.695675
63.442921 -12.706534
63.509315 -12.728107
63.575710 -12.749681
63.608887 -12.760540
63.675190 -12.782403
63.741493 -12.804266
63.774670 -12.815125
63.841064 -12.836699
63.907459 -12.858272
63.973854 -12.879845
64.040253 -12.901418
64.106651 -12.922991
64.173050 -12.944564
64.239449 -12.966137
64.272667 -12.976851
64.339157 -12.998135
64.405647 -13.019418
64.472137 -13.040701
64.538628 -13.061984
64.605118 -13.083267
64.671608 -13.104550
64.738098 -13.125834
64.804588 -13.147117
65.004059 -13.210967
65.070549 -13.232250
65.137039 -13.253533
65.203529 -13.274817
65.270020 -13.296100
65.303291 -13.306669
65.403099 -13.338377
65.436371 -13.348947
65.536179 -13.380654
65.569450 -13.391224
65.669258 -13.422932
65.702530 -13.433501
65.802338 -13.465209
65.835609 -13.475779
65.902191 -13.496772
65.935463 -13.507341
66.035271 -13.539049
66.068542 -13.549619
66.168350 -13.581326
66.201622 -13.591896
66.268112 -13.613179
66.334602 -13.634462
66.401093 -13.655746
66.467583 -13.677029
66.534073 -13.698312
66.600563 -13.719595
66.667053 -13.740878
66.700325 -13.751448
66.766907 -13.772441
66.833488 -13.793434
66.900070 -13.814427
66.966652 -13.835421
67.033234 -13.856414
67.066505 -13.866983
67.132996 -13.888267
67.199486 -13.909550
67.265976 -13.930833
67.299248 -13.941402
67.399055 -13.973110
67.432327 -13.983680
67.498909 -14.004673
67.598717 -14.036381
67.631989 -14.046950
67.698570 -14.067944
67.765152 -14.088937
67.831734 -14.109930
67.898315 -14.130923
67.964897 -14.151917
67.998169 -14.162486
68.164513 -14.215332
68.231094 -14.236325
68.297676 -14.257318
68.364258 -14.278312
68.430840 -14.299305
68.497421 -14.320298
68.564003 -14.341291
68.630585 -14.362285
68.663902 -14.372708
68.763847 -14.403980
68.797165 -14.414404
68.863838 -14.435106
68.930511 -14.455809
68.997185 -14.476511
69.030502 -14.486935
69.097084 -14.507928
69.163666 -14.528921
69.230247 -14.549914
69.296829 -14.570908
69.363411 -14.591901
69.429993 -14.612894
69.496574 -14.633887
69.563156 -14.654881
69.629738 -14.675874
69.663055 -14.686297
69.763000 -14.717569
69.796318 -14.727993
69.862991 -14.748695
69.896309 -14.759119
69.996254 -14.790391
70.029572 -14.800815
70.129517 -14.832087
70.162834 -14.842510
70.262779 -14.873782
70.296097 -14.884206
70.396042 -14.915478
70.462715 -14.936180
70.529388 -14.956882
70.596062 -14.977585
70.629379 -14.988008
70.695961 -15.009002
70.762543 -15.029995
70.829124 -15.050988
70.895706 -15.071981
70.962288 -15.092975
71.028870 -15.113968
71.095451 -15.134961
71.162033 -15.155954
71.228615 -15.176948
71.428360 -15.239927
71.494942 -15.260921
71.561523 -15.281914
71.628105 -15.302907
71.694687 -15.323900
71.761269 -15.344893
71.827850 -15.365887
71.894432 -15.386880
71.927704 -15.397449
72.027512 -15.429157
72.060783 -15.439727
72.127274 -15.461010
72.193764 -15.482293
72.260254 -15.503576
72.326744 -15.524859
72.393234 -15.546143
72.459724 -15.567426
72.526215 -15.588709
72.592705 -15.609992
72.659195 -15.631275
72.725685 -15.652558
72.792175 -15.673841
72.825394 -15.684556
72.891792 -15.706129
72.958191 -15.727702
73.024590 -15.749275
73.090988 -15.770848
73.157387 -15.792421
73.223785 -15.813994
73.290184 -15.835567
73.356583 -15.857141
73.422981 -15.878714
73.489380 -15.900287
73.555779 -15.921860
73.622177 -15.943433
73.688576 -15.965006
73.754974 -15.986579
73.821373 -16.008152
73.887772 -16.029726
73.954170 -16.051300
74.020569 -16.072874
74.086967 -16.094448
74.153366 -16.116022
74.219765 -16.137596
74.252937 -16.148455
74.385544 -16.192181
74.418671 -16.203184
74.518051 -16.236195
74.650658 -16.279921
74.750038 -16.312931
74.783165 -16.323935
74.882545 -16.356945
74.915672 -16.367949
75.015053 -16.400959
75.048180 -16.411963
75.147560 -16.444973
75.180687 -16.455976
75.280067 -16.488987
75.313194 -16.499990
75.412575 -16.533001
75.445702 -16.544004
75.545082 -16.577015
75.578209 -16.588018
75.677589 -16.621029
75.677589 -16.621029
75.743797 -16.643181
75.810005 -16.665333
75.909241 -16.698778
75.942322 -16.709927
76.041557 -16.743372
76.074638 -16.754520
76.173874 -16.787966
76.206955 -16.799114
76.306190 -16.832560
76.339272 -16.843708
76.438507 -16.877153
76.471588 -16.888302
76.570824 -16.921747
76.603905 -16.932896
76.703140 -16.966341
76.769249 -16.988781
76.835358 -17.011221
76.901466 -17.033661
76.967575 -17.056101
77.033684 -17.078541
77.099792 -17.100981
77.132820 -17.112272
77.231911 -17.146149
77.298019 -17.168589
77.364128 -17.191029
77.430237 -17.213469
77.496346 -17.235909
77.562454 -17.258348
77.628563 -17.280788
77.661591 -17.292080
77.727600 -17.314810
77.793610 -17.337540
78.189667 -17.473913
78.288757 -17.507790
78.321785 -17.519081
78.387794 -17.541811
78.486732 -17.576120
78.519714 -17.587557
78.585724 -17.610287
78.651733 -17.633017
78.717743 -17.655746
78.783752 -17.678476
78.849762 -17.701206
78.882744 -17.712643
78.981682 -17.746952
79.014664 -17.758389
79.080574 -17.781404
79.146484 -17.804420
79.212395 -17.827436
79.278305 -17.850452
79.344215 -17.873468
79.410126 -17.896484
79.476036 -17.919500
79.541946 -17.942516
79.607857 -17.965532
79.607857 -17.965532
79.706650 -18.000273
79.739578 -18.011852
79.805489 -18.034868
79.871399 -18.057884
79.937309 -18.080900
80.003220 -18.103916
80.069130 -18.126932
80.135040 -18.149948
80.200951 -18.172964
80.266861 -18.195980
80.332771 -18.218996
80.398682 -18.242012
80.431610 -18.253592
80.497421 -18.276896
80.563232 -18.300200
80.629044 -18.323503
80.694855 -18.346807
80.760666 -18.370111
80.826477 -18.393415
80.892288 -18.416719
80.925171 -18.428444
81.023811 -18.463615
81.056694 -18.475340
81.122398 -18.498932
81.188103 -18.522524
81.385223 -18.593298
81.450928 -18.616890
81.516632 -18.640482
81.582336 -18.664074
81.648041 -18.687666
81.713745 -18.711258
81.779449 -18.734850
81.845154 -18.758442
81.910858 -18.782034
81.976562 -18.805626
82.009392 -18.817493
82.107872 -18.853094
82.140701 -18.864962
82.239182 -18.900562
82.272011 -18.912430
82.370491 -18.948030
82.403320 -18.959898
82.501801 -18.995499
82.534630 -19.007366
82.633110 -19.042967
82.665939 -19.054834
82.764420 -19.090435
82.797249 -19.102303
82.895729 -19.137903
82.895729 -19.137903
83.027145 -19.185085
83.027145 -19.185085
83.158562 -19.232267
83.158562 -19.232267
83.289978 -19.279449
83.289978 -19.279449
83.421394 -19.326632
83.487099 -19.350224
83.552803 -19.373816
83.618507 -19.397408
83.684212 -19.421000
83.749916 -19.444592
83.815620 -19.468184
83.881325 -19.491776
83.947029 -19.515368
84.045670 -19.550539
84.078552 -19.562263
84.177193 -19.597435
84.210075 -19.609159
84.308716 -19.644331
84.341599 -19.656055
84.440239 -19.691227
84.473122 -19.702951
84.571762 -19.738123
84.736160 -19.796741
84.834801 -19.831913
84.834801 -19.831913
84.966415 -19.878521
85.032227 -19.901825
85.098038 -19.925129
85.163849 -19.948433
85.229660 -19.971737
85.295471 -19.995041
85.328400 -20.006620
85.427185 -20.041361
85.460114 -20.052940
85.558899 -20.087681
85.591827 -20.099260
85.657738 -20.122276
85.723648 -20.145292
85.789558 -20.168308
85.855469 -20.191324
85.954407 -20.225634
85.987389 -20.237070
86.086327 -20.271379
86.152336 -20.294109
86.218346 -20.316839
86.251373 -20.328131
86.317482 -20.350571
86.383591 -20.373011
86.482826 -20.406456
86.549034 -20.428608
86.615242 -20.450760
86.681450 -20.472912
86.747658 -20.495064
86.780785 -20.506067
86.880165 -20.539078
86.979546 -20.572088
87.012718 -20.582947
87.079117 -20.604521
87.145515 -20.626095
87.211914 -20.647669
87.278313 -20.669243
87.344711 -20.690817
87.411110 -20.712391
87.510773 -20.744534
87.543991 -20.755247
87.643654 -20.787390
87.676926 -20.797958
87.743507 -20.818953
87.810089 -20.839947
87.876671 -20.860941
88.043243 -20.913061
88.143188 -20.944332
88.209770 -20.965326
88.276352 -20.986320
88.342934 -21.007315
88.409515 -21.028309
88.476097 -21.049303
88.542679 -21.070297
88.609261 -21.091291
88.675842 -21.112286
88.742424 -21.133280
88.809006 -21.154274
88.875587 -21.175268
88.942169 -21.196262
89.008751 -21.217257
89.042068 -21.227680
89.142014 -21.258951
89.175331 -21.269375
89.275276 -21.300646
89.308594 -21.311069
89.408539 -21.342340
89.408539 -21.342340
89.508347 -21.374048
89.541618 -21.384617
89.608200 -21.405611
89.674782 -21.426605
89.741364 -21.447599
89.807945 -21.468594
89.874527 -21.489588
89.974472 -21.520859
90.007790 -21.531282
90.107597 -21.562990
90.140869 -21.573559
90.207451 -21.594553
90.274033 -21.615547
90.340614 -21.636541
90.407196 -21.657536
90.473778 -21.678530
90.540359 -21.699524
90.606941 -21.720518
90.673523 -21.741512
90.740105 -21.762506
90.806686 -21.783501
90.873268 -21.804495
90.939850 -21.825489
91.006432 -21.846483
91.073013 -21.867477
91.139595 -21.888472
91.172913 -21.898895
91.339485 -21.951015
91.406067 -21.972010
91.472649 -21.993004
91.539230 -22.013998
91.605812 -22.034992
91.672394 -22.055986
91.738976 -22.076981
91.772293 -22.087404
91.838966 -22.108107
91.905640 -22.128809
91.972313 -22.149511
92.038986 -22.170214
92.105659 -22.190916
92.172333 -22.211618
92.239006 -22.232321
92.305679 -22.253023
92.372353 -22.273726
92.405708 -22.284004
92.505783 -22.314840
92.539139 -22.325119
92.605904 -22.345530
92.639259 -22.355808
92.739334 -22.386644
92.806099 -22.407055
92.872864 -22.427465
92.906219 -22.437744
93.006294 -22.468580
93.039650 -22.478859
93.139725 -22.509695
93.173080 -22.519974
93.273155 -22.550810
93.306511 -22.561089
93.406586 -22.591925
93.439941 -22.602203
93.540016 -22.633039
93.573372 -22.643318
93.673447 -22.674154
93.706802 -22.684433
93.806877 -22.715269
93.840233 -22.725548
93.973579 -22.766953
93.973579 -22.766953
94.106926 -22.808357
94.140244 -22.818781
94.240189 -22.850052
94.306862 -22.870754
94.373535 -22.891457
94.440208 -22.912159
94.506882 -22.932861
94.740082 -23.005829
94.806664 -23.026823
94.873245 -23.047817
94.939827 -23.068811
95.006409 -23.089806
95.039680 -23.100374
95.139488 -23.132082
95.206070 -23.153076
95.272652 -23.174070
95.305923 -23.184639
95.405731 -23.216347
95.439003 -23.226915
95.505493 -23.248199
95.571983 -23.269484
95.638474 -23.290768
95.704964 -23.312052
95.771454 -23.333336
95.837944 -23.354620
95.904434 -23.375904
95.970924 -23.397188
96.037415 -23.418472
96.170395 -23.461039
96.203613 -23.471752
96.303276 -23.503895
96.336494 -23.514608
96.436157 -23.546751
96.469376 -23.557465
96.569038 -23.589607
96.602257 -23.600321
96.701920 -23.632463
96.735138 -23.643177
96.834801 -23.675320
96.868019 -23.686033
96.934418 -23.707607
97.000816 -23.729181
97.067215 -23.750755
97.133614 -23.772329
97.200012 -23.793903
97.266411 -23.815477
97.399200 -23.858624
97.399200 -23.858624
97.531990 -23.901770
97.565163 -23.912628
97.664688 -23.945206
97.697861 -23.956064
97.797386 -23.988642
97.830559 -23.999500
97.930084 -24.032078
97.963257 -24.042936
98.162163 -24.108524
98.228462 -24.130386
98.294762 -24.152248
98.361061 -24.174110
98.427361 -24.195972
98.493660 -24.217834
98.593040 -24.250845
98.626167 -24.261848
98.725548 -24.294859
98.758675 -24.305862
98.858055 -24.338873
98.924263 -24.361025
98.990471 -24.383177
99.056679 -24.405329
99.122887 -24.427481
99.189095 -24.449633
99.255302 -24.471785
99.321510 -24.493937
99.387718 -24.516088
99.453926 -24.538240
99.520134 -24.560392
99.586342 -24.582544
99.652550 -24.604696
99.718758 -24.626848
99.784966 -24.649000
99.851173 -24.671152
99.917381 -24.693304
99.983589 -24.715456
100.082825 -24.748901
100.115906 -24.760050
100.215141 -24.793495
100.281250 -24.815935
100.347359 -24.838375
100.413467 -24.860815
100.479576 -24.883255
100.545685 -24.905695
100.611794 -24.928135
100.710884 -24.962011
100.776894 -24.984741
100.842903 -25.007471
100.908913 -25.030201
101.008003 -25.064077
101.041031 -25.075369
101.140121 -25.109245
101.206230 -25.131685
101.272339 -25.154125
101.338448 -25.176565
101.437538 -25.210442
101.767586 -25.324087
101.833595 -25.346817
101.899605 -25.369547
101.965614 -25.392277
102.031624 -25.415007
102.097633 -25.437737
102.163643 -25.460466
102.229652 -25.483196
102.295662 -25.505926
102.361671 -25.528656
102.427681 -25.551386
102.460663 -25.562822
102.526573 -25.585838
102.592484 -25.608854
102.658394 -25.631870
102.724304 -25.654886
102.790215 -25.677902
102.856125 -25.700918
102.889107 -25.712355
102.988045 -25.746664
103.021027 -25.758101
103.119965 -25.792410
103.185875 -25.815426
103.185875 -25.815426
103.284668 -25.850166
103.317596 -25.861746
103.416382 -25.896486
103.449310 -25.908066
103.548096 -25.942806
103.581024 -25.954386
103.679810 -25.989126
103.712738 -26.000706
103.811523 -26.035446
103.844406 -26.047171
103.943047 -26.082342
103.975929 -26.094067
104.074570 -26.129238
104.107452 -26.140963
104.173157 -26.164555
104.238861 -26.188147
104.304565 -26.211739
104.370270 -26.235331
104.435974 -26.258923
104.501678 -26.282515
104.567383 -26.306107
104.633087 -26.329699
104.764503 -26.376881
104.830208 -26.400473
104.895912 -26.424065
104.961617 -26.447657
105.027321 -26.471249
105.093025 -26.494841
105.158730 -26.518433
105.224434 -26.542025
105.322914 -26.577625
105.355743 -26.589493
105.454224 -26.625093
105.487053 -26.636961
105.585533 -26.672562
105.618362 -26.684429
105.716843 -26.720030
105.782448 -26.743908
105.848053 -26.767786
105.913658 -26.791664
105.979263 -26.815542
106.044868 -26.839420
106.110474 -26.863298
106.176079 -26.887177
106.241684 -26.911055
106.307289 -26.934933
106.372894 -26.958811
106.438499 -26.982689
106.536980 -27.018290
106.569809 -27.030157
106.668289 -27.065758
106.733994 -27.089350
106.832474 -27.124950
106.865303 -27.136818
106.963783 -27.172419
106.996613 -27.184286
107.095093 -27.219887
107.160698 -27.243765
107.226303 -27.267643
107.291908 -27.291521
107.357513 -27.315399
107.455994 -27.351000
107.521698 -27.374592
107.587402 -27.398184
107.653107 -27.421776
107.718811 -27.445368
107.784515 -27.468960
107.850220 -27.492552
107.915924 -27.516144
108.113045 -27.586918
108.178749 -27.610510
108.244453 -27.634102
108.310158 -27.657694
108.408798 -27.692865
108.441681 -27.704590
108.540321 -27.739761
108.573204 -27.751486
108.671844 -27.786657
108.704727 -27.798382
108.803368 -27.833553
108.869179 -27.856857
108.934990 -27.880161
109.000801 -27.903465
109.066612 -27.926769
109.132423 -27.950073
109.231216 -27.984814
109.264198 -27.996250
109.330208 -28.018980
109.396217 -28.041710
109.462227 -28.064440
109.528236 -28.087170
109.627327 -28.121046
109.660355 -28.132338
109.759445 -28.166214
109.825554 -28.188654
109.891663 -28.211094
109.957771 -28.233534
110.023880 -28.255974
110.089989 -28.278414
110.189224 -28.311859
110.255432 -28.334011
110.321640 -28.356163
110.387848 -28.378315
110.487228 -28.411325
110.487228 -28.411325
110.619835 -28.455051
110.653008 -28.465910
110.719406 -28.487484
110.785805 -28.509058
110.852203 -28.530632
110.918602 -28.552206
111.018265 -28.584349
111.084755 -28.605633
111.151245 -28.626917
111.217735 -28.648201
111.417206 -28.712051
111.450478 -28.722620
111.517059 -28.743614
111.583641 -28.764608
111.683586 -28.795879
111.716904 -28.806303
111.816849 -28.837574
111.883522 -28.858276
111.950195 -28.878979
112.016869 -28.899681
112.083542 -28.920383
112.116859 -28.930807
112.216805 -28.962078
112.250122 -28.972502
112.350067 -29.003773
112.383385 -29.014196
112.483330 -29.045467
112.516647 -29.055891
112.616592 -29.087162
112.649910 -29.097586
112.749855 -29.128857
112.783173 -29.139280
112.883118 -29.170551
112.916435 -29.180975
113.016380 -29.212246
113.049698 -29.222670
113.149643 -29.253941
113.182961 -29.264364
113.282906 -29.295635
113.316223 -29.306059
113.449387 -29.348045
113.449387 -29.348045
113.582550 -29.390032
113.615822 -29.400600
113.715630 -29.432308
113.748901 -29.442877
113.848709 -29.474585
113.881981 -29.485153
113.981789 -29.516861
114.015060 -29.527430
114.114868 -29.559137
114.148140 -29.569706
114.247948 -29.601414
114.281219 -29.611982
114.381027 -29.643690
114.414299 -29.654259
114.480789 -29.675543
114.680260 -29.739393
114.713531 -29.749962
114.780113 -29.770956
114.846695 -29.791950
114.913277 -29.812944
114.979858 -29.833939
115.046440 -29.854933
115.113022 -29.875927
115.179604 -29.896921
115.246185 -29.917915
115.312767 -29.938910
115.379349 -29.959904
115.445930 -29.980898
115.512512 -30.001892
115.579094 -30.022886
115.645676 -30.043880
115.712257 -30.064875
115.812202 -30.096146
115.845520 -30.106569
115.945465 -30.137840
115.978783 -30.148264
116.078728 -30.179535
116.112045 -30.189959
116.211990 -30.221230
116.245308 -30.231653
116.311890 -30.252647
116.378471 -30.273642
116.478416 -30.304913
116.511734 -30.315336
116.611679 -30.346607
116.644997 -30.357031
116.744942 -30.388302
116.778259 -30.398726
116.878204 -30.429996
116.911522 -30.440420
117.011467 -30.471691
117.044785 -30.482115
117.144730 -30.513386
117.178047 -30.523809
117.277992 -30.555080
117.311310 -30.565504
117.411255 -30.596775
117.444572 -30.607199
117.544518 -30.638470
117.611191 -30.659172
117.677864 -30.679874
117.877884 -30.741982
117.944557 -30.762684
118.011230 -30.783386
118.077904 -30.804089
118.144577 -30.824791
118.211250 -30.845493
118.277924 -30.866196
118.344597 -30.886898
118.411270 -30.907600
118.477943 -30.928303
118.544617 -30.949005
118.611290 -30.969707
118.677963 -30.990410
118.744637 -31.011112
118.844582 -31.042383
118.911163 -31.063377
118.977745 -31.084372
119.044327 -31.105366
119.110909 -31.126360
119.177490 -31.147354
119.244072 -31.168348
119.310654 -31.189342
119.377235 -31.210337
119.477043 -31.242044
119.510315 -31.252613
119.610123 -31.284321
119.676613 -31.305605
119.743103 -31.326889
119.809593 -31.348173
119.876083 -31.369457
119.942574 -31.390741
120.009064 -31.412025
120.075554 -31.433310
120.175217 -31.465452
120.208435 -31.476166
120.308098 -31.508308
120.374496 -31.529882
120.440895 -31.551456
120.507294 -31.573030
120.606956 -31.605173
120.673447 -31.626457
120.739937 -31.647741
120.806427 -31.669025
120.872917 -31.690310
120.939407 -31.711594
121.005898 -31.732878
121.105560 -31.765020
121.304749 -31.829741
121.371147 -31.851315
121.437546 -31.872889
121.503944 -31.894463
121.570343 -31.916037
121.670006 -31.948179
121.736496 -31.969463
121.836159 -32.001606
121.902557 -32.023178
121.968956 -32.044750
122.035355 -32.066322
122.101753 -32.087894
122.168152 -32.109467
122.234550 -32.131039
122.300949 -32.152611
122.400475 -32.185188
122.433647 -32.196049
122.533173 -32.228626
122.599472 -32.250488
122.665771 -32.272350
122.732071 -32.294212
122.798370 -32.316074
122.864670 -32.337936
122.930969 -32.359798
122.997269 -32.381660
123.063568 -32.403522
123.129868 -32.425385
123.196167 -32.447247
123.262466 -32.469109
123.395073 -32.512833
123.395073 -32.512833
123.527679 -32.556557
123.560806 -32.567562
123.660187 -32.600574
123.693314 -32.611580
123.792694 -32.644592
123.825821 -32.655598
123.925201 -32.688610
123.958328 -32.699615
124.090736 -32.743919
124.123863 -32.754925
124.223244 -32.787937
124.289452 -32.810089
124.355659 -32.832241
124.421867 -32.854393
124.488075 -32.876545
124.686691 -32.943001
124.785927 -32.976444
124.819008 -32.987591
124.918243 -33.021034
124.984352 -33.043476
125.050461 -33.065918
125.116570 -33.088360
125.182678 -33.110802
125.248787 -33.133244
125.314896 -33.155685
125.381004 -33.178127
125.447113 -33.200569
125.513222 -33.223011
125.579330 -33.245453
125.645439 -33.267895
125.711548 -33.290337
125.777657 -33.312778
125.876747 -33.346657
125.909775 -33.357948
126.008865 -33.391827
126.074875 -33.414555
126.140884 -33.437283
126.239975 -33.471161
126.273003 -33.482452
126.339012 -33.505180
126.405022 -33.527908
126.471031 -33.550636
126.537041 -33.573364
126.603050 -33.596092
126.669060 -33.618820
126.767998 -33.653130
126.800980 -33.664566
126.899918 -33.698875
126.965828 -33.721893
127.031738 -33.744911
127.097649 -33.767929
127.163559 -33.790947
127.229469 -33.813965
127.295380 -33.836983
127.361290 -33.860001
127.427200 -33.883018
127.493111 -33.906036
127.559021 -33.929054
127.624931 -33.952072
127.723724 -33.986813
127.756653 -33.998394
127.855438 -34.033134
127.987053 -34.079742
128.085693 -34.114914
128.118576 -34.126637
128.217209 -34.161808
128.282913 -34.185398
128.348618 -34.208988
128.414322 -34.232578
128.480026 -34.256168
128.545731 -34.279758
128.611435 -34.303349
128.677139 -34.326939
128.742844 -34.350529
128.808548 -34.374119
128.874252 -34.397709
128.907074 -34.409576
129.005554 -34.445179
129.038376 -34.457047
129.169586 -34.504803
129.169586 -34.504803
129.300797 -34.552559
129.333572 -34.564568
129.431900 -34.600597
129.464676 -34.612606
129.563004 -34.648636
129.595779 -34.660645
129.694107 -34.696674
129.726883 -34.708683
129.825211 -34.744713
129.857986 -34.756721
129.956314 -34.792751
129.989090 -34.804760
130.087418 -34.840790
130.120193 -34.852798
130.251190 -34.901127
130.251190 -34.901127
130.382187 -34.949455
130.447678 -34.973618
130.513168 -34.997780
130.578659 -35.021942
130.644150 -35.046104
130.742477 -35.082134
130.775253 -35.094143
130.906250 -35.142471
130.938980 -35.154625
131.037155 -35.191086
131.102646 -35.215248
131.299133 -35.287739
131.331909 -35.299747
131.430237 -35.335777
131.495728 -35.359940
131.561218 -35.384102
131.626709 -35.408264
131.692200 -35.432426
131.790527 -35.468456
131.856125 -35.492332
131.921722 -35.516209
131.987320 -35.540085
132.052917 -35.563961
132.118515 -35.587837
132.184113 -35.611713
132.249710 -35.635590
132.380920 -35.683346
132.413742 -35.695213
132.512222 -35.730816
132.577820 -35.754692
132.643417 -35.778568
132.709015 -35.802444
132.774612 -35.826321
132.840210 -35.850197
132.938690 -35.885799
132.971573 -35.897522
133.070206 -35.932693
133.103088 -35.944416
133.201874 -35.979156
133.267776 -36.002174
133.333679 -36.025192
133.399582 -36.048210
133.465485 -36.071228
133.531387 -36.094246
133.663208 -36.140278
133.696182 -36.151714
133.762192 -36.174442
133.828201 -36.197170
133.927292 -36.231049
134.026382 -36.264927
134.092392 -36.287655
134.158401 -36.310383
134.224503 -36.332825
134.323730 -36.366268
134.356812 -36.377415
134.489227 -36.421719
134.489227 -36.421719
134.621643 -36.466022
134.787277 -36.521042
134.853577 -36.542904
134.953094 -36.575481
135.019485 -36.597054
135.085876 -36.618626
135.152267 -36.640198
135.218658 -36.661770
135.318329 -36.693913
135.384811 -36.715195
135.451294 -36.736477
135.517776 -36.757759
135.584259 -36.779041
135.650742 -36.800323
135.684006 -36.810894
135.817169 -36.852882
135.850479 -36.863308
135.950424 -36.894581
135.983734 -36.905006
136.083679 -36.936279
136.116989 -36.946705
136.183655 -36.967407
136.250320 -36.988110
136.350403 -37.018944
136.417160 -37.039356
136.483917 -37.059769
136.550674 -37.080181
136.650757 -37.111015
136.684067 -37.121441
136.784012 -37.152714
136.817322 -37.163139
136.883911 -37.184132
136.950500 -37.205124
137.050308 -37.236832
137.116791 -37.258114
137.183273 -37.279396
137.249756 -37.300678
137.316238 -37.321960
137.382721 -37.343243
137.449203 -37.364525
137.515686 -37.385807
137.582169 -37.407089
137.615387 -37.417805
137.748184 -37.460953
137.781357 -37.471813
137.880875 -37.504391
137.947266 -37.525963
137.980438 -37.536823
138.179337 -37.602413
138.245636 -37.624275
138.311935 -37.646137
138.378235 -37.667999
138.444534 -37.689861
138.510834 -37.711723
138.577133 -37.733585
138.643433 -37.755447
138.709732 -37.777309
138.742859 -37.788315
138.842239 -37.821327
138.875366 -37.832333
139.007782 -37.876637
139.007782 -37.876637
139.140198 -37.920940
139.206406 -37.943092
139.272614 -37.965244
139.338821 -37.987396
139.405029 -38.009548
139.471237 -38.031700
139.537445 -38.053852
139.603653 -38.076004
139.636734 -38.087151
139.735962 -38.120594
139.769043 -38.131741
139.835144 -38.154182
139.901245 -38.176624
139.967346 -38.199066
140.033447 -38.221508
140.132538 -38.255386
140.165573 -38.266678
140.264664 -38.300556
140.330673 -38.323284
140.396683 -38.346012
140.462692 -38.368740
140.528702 -38.391468
140.594711 -38.414196
140.660721 -38.436924
140.726730 -38.459652
140.858749 -38.505112
140.891785 -38.516403
140.990875 -38.550282
141.056885 -38.573009
141.122894 -38.595737
141.188904 -38.618465
141.254913 -38.641193
141.452942 -38.709381
141.518951 -38.732109
141.584961 -38.754837
141.650970 -38.777565
141.716980 -38.800293
141.782990 -38.823021
141.848999 -38.845749
141.881973 -38.857185
142.013794 -38.903217
142.013794 -38.903217
142.145615 -38.949249
142.178543 -38.960831
142.277328 -38.995571
142.343231 -39.018589
142.409134 -39.041607
142.475037 -39.064625
142.508011 -39.076061
142.607101 -39.109940
142.640137 -39.121231
142.739227 -39.155109
142.772263 -39.166401
142.871353 -39.200279
142.937454 -39.222721
143.003555 -39.245163
143.069656 -39.267605
143.135757 -39.290047
143.201859 -39.312489
143.267960 -39.334930
143.367188 -39.368374
143.433395 -39.390526
143.499603 -39.412678
143.565811 -39.434830
143.632019 -39.456982
143.731400 -39.489994
143.764526 -39.500999
143.863907 -39.534012
143.930206 -39.555874
143.996506 -39.577736
144.062805 -39.599598
144.129105 -39.621460
144.195404 -39.643322
144.261703 -39.665184
144.361221 -39.697762
144.427612 -39.719334
144.527130 -39.751911
144.560303 -39.762772
144.659821 -39.795349
144.825699 -39.849644
144.892090 -39.871216
144.958481 -39.892788
145.057999 -39.925365
145.124390 -39.946938
145.224060 -39.979080
145.290451 -40.000652
145.356842 -40.022224
145.423233 -40.043797
145.489624 -40.065369
145.556015 -40.086941
145.622406 -40.108513
145.721924 -40.141090
145.788223 -40.162952
145.887741 -40.195530
145.920914 -40.206390
145.987213 -40.228252
146.053513 -40.250114
146.152893 -40.283127
146.219101 -40.305279
146.285309 -40.327431
146.351517 -40.349583
146.417725 -40.371735
146.483932 -40.393887
146.583160 -40.427330
146.616241 -40.438477
146.715469 -40.471920
146.781570 -40.494362
146.847672 -40.516804
146.913773 -40.539246
147.013000 -40.572689
147.079208 -40.594841
147.145416 -40.616993
147.211624 -40.639145
147.277832 -40.661297
147.344040 -40.683449
147.410248 -40.705601
147.476456 -40.727753
147.542664 -40.749905
147.675079 -40.794209
147.708206 -40.805214
147.807587 -40.838226
147.840714 -40.849232
147.940094 -40.882244
148.006302 -40.904396
148.072510 -40.926548
149.298203 -41.333687
149.397720 -41.366264
149.430893 -41.377125
149.497192 -41.398987
149.563492 -41.420849
149.662872 -41.453861
149.695999 -41.464867
149.795380 -41.497879
149.828506 -41.508884
149.894714 -41.531036
149.927795 -41.542183
150.027023 -41.575626
150.060104 -41.586773
150.159332 -41.620216
150.159332 -41.620216
150.225433 -41.642658
150.291534 -41.665100
150.357635 -41.687542
150.423737 -41.709984
150.489838 -41.732426
150.522873 -41.743717
150.588882 -41.766445
150.621918 -41.777737
150.688019 -41.800179
150.754120 -41.822620
150.820221 -41.845062
150.853256 -41.856354
150.919266 -41.879082
150.985275 -41.901810
151.051285 -41.924538
151.117294 -41.947266
151.183304 -41.969994
151.249313 -41.992722
151.315323 -42.015450
151.381332 -42.038177
151.414307 -42.049614
151.513245 -42.083923
151.546219 -42.095360
151.645157 -42.129669
151.645157 -42.129669
151.777176 -42.175129
151.777176 -42.175129
151.909195 -42.220589
151.909195 -42.220589
152.008133 -42.254898
152.041107 -42.266335
152.140045 -42.300644
152.370911 -42.380699
152.469849 -42.415009
152.568787 -42.449318
152.568787 -42.449318
152.700806 -42.494778
152.700806 -42.494778
152.799896 -42.528656
152.832932 -42.539948
152.932022 -42.573826
152.965057 -42.585117
153.064148 -42.618996
153.130249 -42.641438
153.196350 -42.663879
153.262451 -42.686321
153.328552 -42.708763
153.394653 -42.731205
153.460754 -42.753647
153.526855 -42.776089
153.592957 -42.798531
153.659058 -42.820972
153.725159 -42.843414
153.791260 -42.865856
153.857361 -42.888298
153.956451 -42.922176
153.989487 -42.933468
154.088577 -42.967346
154.154587 -42.990074
154.220596 -43.012802
154.286606 -43.035530
154.385696 -43.069408
154.418732 -43.080700
154.517822 -43.114578
154.583923 -43.137020
154.650024 -43.159462
154.716125 -43.181904
154.815216 -43.215782
154.881226 -43.238510
154.980316 -43.272388
155.046417 -43.294830
155.112518 -43.317272
155.178619 -43.339714
155.244720 -43.362156
155.343948 -43.395599
155.410156 -43.417751
155.509384 -43.451195
155.542465 -43.462341
155.741089 -43.528797
155.807297 -43.550949
155.873505 -43.573101
155.939713 -43.595253
156.039093 -43.628265
156.072220 -43.639271
156.171600 -43.672283
156.204727 -43.683289
156.304108 -43.716301
156.403488 -43.749313
156.436615 -43.760319
156.535995 -43.793331
156.569122 -43.804337
156.668503 -43.837349
156.701630 -43.848354
156.801010 -43.881367
156.834137 -43.892372
156.900436 -43.914234
156.966736 -43.936096
157.066254 -43.968674
157.099426 -43.979534
157.198944 -44.012112
157.265335 -44.033684
157.331726 -44.055256
157.398117 -44.076828
157.464508 -44.098400
157.530899 -44.119972
157.597290 -44.141544
157.663681 -44.163116
157.763351 -44.195259
157.829834 -44.216541
157.929504 -44.248684
157.962723 -44.259399
158.029205 -44.280682
158.095688 -44.301964
158.195358 -44.334106
158.228577 -44.344822
158.361557 -44.387390
158.428040 -44.408672
158.494522 -44.429955
158.561005 -44.451237
158.627487 -44.472519
158.727295 -44.504227
158.760559 -44.514797
158.860367 -44.546505
158.926956 -44.567497
158.993546 -44.588490
159.193298 -44.651470
159.293243 -44.682743
159.326553 -44.693169
159.426498 -44.724442
159.493164 -44.745144
159.559830 -44.765846
159.626495 -44.786549
159.693161 -44.807251
159.759827 -44.827953
159.826492 -44.848656
159.893158 -44.869358
159.993240 -44.900192
160.026596 -44.910469
160.126678 -44.941303
160.193436 -44.961716
160.260193 -44.982128
160.360275 -45.012962
160.393631 -45.023239
160.493713 -45.054073
160.560379 -45.074776
160.627045 -45.095478
160.660355 -45.105904
160.726944 -45.126896
160.793533 -45.147888
160.860123 -45.168880
160.926712 -45.189873
160.993301 -45.210865
161.059891 -45.231857
161.159698 -45.263565
161.226181 -45.284847
161.292664 -45.306129
161.359146 -45.327412
161.425629 -45.348694
161.492111 -45.369976
161.558594 -45.391258
161.625076 -45.412540
161.691559 -45.433823
161.758041 -45.455105
161.857712 -45.487247
161.857712 -45.487247
161.990509 -45.530396
161.990509 -45.530396
162.123306 -45.573544
162.123306 -45.573544
162.256104 -45.616692
162.322495 -45.638264
162.654480 -45.746132
162.720871 -45.767704
162.820389 -45.800282
162.853561 -45.811142
162.953079 -45.843719
162.986252 -45.854580
163.085770 -45.887157
163.118942 -45.898018
163.185333 -45.919590
163.251724 -45.941162
163.318115 -45.962734
163.384506 -45.984306
163.450897 -46.005878
163.550415 -46.038456
163.583588 -46.049316
163.649979 -46.070889
163.716370 -46.092461
163.782761 -46.114033
163.849152 -46.135605
163.915543 -46.157177
163.981934 -46.178749
164.081451 -46.211327
164.114624 -46.222187
164.214142 -46.254765
164.247314 -46.265625
164.346832 -46.298203
164.413132 -46.320065
164.479431 -46.341927
164.545731 -46.363789
164.612030 -46.385651
164.678329 -46.407513
164.744629 -46.429375
164.810928 -46.451237
164.877228 -46.473099
164.943527 -46.494961
165.009827 -46.516823
165.076126 -46.538685
165.142426 -46.560547
165.208725 -46.582409
165.275024 -46.604271
165.374405 -46.637283
165.407532 -46.648289
165.506912 -46.681301
165.573120 -46.703453
165.639328 -46.725605
165.705536 -46.747757
165.771744 -46.769909
165.970367 -46.836365
166.036575 -46.858517
166.102783 -46.880669
166.168991 -46.902821
166.235199 -46.924973
166.301407 -46.947124
166.367615 -46.969276
166.466843 -47.002720
166.499924 -47.013866
166.599152 -47.047310
166.665253 -47.069752
166.731354 -47.092194
166.797455 -47.114635
166.863556 -47.137077
166.929657 -47.159519
166.995758 -47.181961
167.061859 -47.204403
167.127960 -47.226845
167.194061 -47.249287
167.260162 -47.271729
167.359253 -47.305607
167.392288 -47.316898
167.491379 -47.350777
167.557388 -47.373505
167.623398 -47.396233
167.689407 -47.418961
167.755417 -47.441689
167.821426 -47.464417
167.887436 -47.487144
167.953445 -47.509872
168.019455 -47.532600
168.085464 -47.555328
168.151474 -47.578056
168.217484 -47.600784
168.316422 -47.635094
168.349396 -47.646530
168.481415 -47.691990
168.514389 -47.703426
168.613327 -47.737736
168.679337 -47.760464
168.745346 -47.783192
168.811356 -47.805920
168.877365 -47.828648
168.976303 -47.862957
169.042206 -47.885975
169.108109 -47.908993
169.602051 -48.082695
169.700836 -48.117435
169.733765 -48.129017
169.832550 -48.163757
169.898453 -48.186775
169.964355 -48.209793
170.030258 -48.232811
170.096161 -48.255829
170.162064 -48.278847
170.227966 -48.301865
170.293869 -48.324883
170.359772 -48.347900
170.425674 -48.370918
170.491577 -48.393936
170.590363 -48.428677
170.656174 -48.451981
170.721985 -48.475285
170.787796 -48.498589
170.853607 -48.521893
170.886536 -48.533474
170.985321 -48.568214
171.018250 -48.579796
171.117188 -48.614105
171.150162 -48.625542
171.249100 -48.659851
171.315109 -48.682579
171.381119 -48.705307
171.447128 -48.728035
171.513138 -48.750763
171.579147 -48.773491
171.645157 -48.796219
171.711166 -48.818947
171.777176 -48.841675
171.843185 -48.864403
171.942276 -48.898281
172.008377 -48.920723
172.107468 -48.954601
172.140503 -48.965893
172.239594 -48.999771
172.272629 -49.011063
172.371719 -49.044941
172.404755 -49.056232
172.536972 -49.101112
172.603073 -49.123554
172.669174 -49.145996
172.735275 -49.168438
172.801376 -49.190880
172.999695 -49.258202
173.032776 -49.269348
173.098984 -49.291500
173.165192 -49.313652
173.231400 -49.335804
173.297607 -49.357956
173.363815 -49.380108
173.430023 -49.402260
173.496231 -49.424412
173.562439 -49.446564
173.628647 -49.468716
173.694855 -49.490868
173.761063 -49.513020
173.827271 -49.535172
173.893478 -49.557323
173.959686 -49.579475
174.025894 -49.601627
174.092102 -49.623779
174.158310 -49.645931
174.257538 -49.679375
174.290619 -49.690521
174.389847 -49.723965
174.422928 -49.735111
174.522156 -49.768555
174.555237 -49.779701
174.654465 -49.813145
174.687546 -49.824291
174.786774 -49.857735
174.852875 -49.880177
174.918976 -49.902618
174.985077 -49.925060
175.051178 -49.947502
175.117279 -49.969944
175.183380 -49.992386
175.249481 -50.014828
175.315582 -50.037270
175.381683 -50.059711
175.480911 -50.093155
175.513992 -50.104301
175.580093 -50.126743
175.712311 -50.171623
175.745392 -50.182770
175.844620 -50.216213
175.910721 -50.238655
175.976822 -50.261097
176.042923 -50.283539
176.109024 -50.305981
176.307343 -50.373302
176.373444 -50.395744
176.439545 -50.418186
176.505646 -50.440628
176.571747 -50.463070
176.637848 -50.485512
176.703949 -50.507954
176.770050 -50.530396
176.836151 -50.552837
176.902252 -50.575279
176.968353 -50.597721
177.034454 -50.620163
177.100555 -50.642605
177.199646 -50.676483
177.232681 -50.687775
177.331772 -50.721653
177.397781 -50.744381
177.463791 -50.767109
177.529800 -50.789837
177.595810 -50.812565
177.694901 -50.846443
177.727936 -50.857735
177.827026 -50.891613
177.860062 -50.902905
177.992081 -50.948364
178.025116 -50.959656
178.124207 -50.993534
178.190216 -51.016262
178.256226 -51.038990
178.322235 -51.061718
178.388245 -51.084446
178.454254 -51.107174
178.553345 -51.141052
178.619446 -51.163494
178.685547 -51.185936
178.751648 -51.208378
178.850739 -51.242256
178.883774 -51.253548
178.982864 -51.287426
179.048874 -51.310154
179.147964 -51.344032
179.181000 -51.355324
179.280090 -51.389202
179.313126 -51.400494
179.412216 -51.434372
179.478317 -51.456814
179.676636 -51.524136
179.742737 -51.546577
179.808838 -51.569019
179.874939 -51.591461
179.941040 -51.613903
180.007141 -51.636345
180.073242 -51.658787
180.139343 -51.681229
180.205444 -51.703671
180.271545 -51.726112
180.370773 -51.759556
180.436981 -51.781708
180.503189 -51.803860
180.569397 -51.826012
180.635605 -51.848164
180.701813 -51.870316
180.801041 -51.903759
180.834122 -51.914906
180.933350 -51.948349
180.999451 -51.970791
181.098679 -52.004234
181.131760 -52.015381
181.230988 -52.048824
181.264069 -52.059971
181.363297 -52.093414
181.429504 -52.115566
181.495712 -52.137718
181.561920 -52.159870
181.628128 -52.182022
181.694336 -52.204174
181.760544 -52.226326
181.859924 -52.259338
181.926224 -52.281200
181.992523 -52.303062
182.058823 -52.324924
182.125122 -52.346786
182.191422 -52.368649
182.257721 -52.390511
182.357239 -52.423088
182.423630 -52.444660
182.490021 -52.466232
182.556412 -52.487804
182.622803 -52.509377
182.689194 -52.530949
182.755585 -52.552521
182.821976 -52.574093
182.888367 -52.595665
183.087555 -52.660385
183.153946 -52.681957
183.253616 -52.714100
183.286835 -52.724815
183.386505 -52.756958
183.419724 -52.767673
183.519394 -52.799816
183.585876 -52.821098
183.652359 -52.842381
183.718842 -52.863663
183.785324 -52.884945
183.885132 -52.916653
183.918396 -52.927223
184.018204 -52.958931
184.084793 -52.979923
184.151382 -53.000916
184.217972 -53.021908
184.284561 -53.042900
184.351151 -53.063892
184.417740 -53.084885
184.484329 -53.105877
184.550919 -53.126869
184.617508 -53.147861
184.717453 -53.179134
184.784119 -53.199837
184.850784 -53.220539
184.917450 -53.241241
184.984116 -53.261944
185.050781 -53.282646
185.117447 -53.303349
185.184113 -53.324051
185.250778 -53.344753
185.317444 -53.365456
185.384109 -53.386158
185.450775 -53.406860
185.517441 -53.427563
185.584106 -53.448265
185.650772 -53.468967
185.750854 -53.499802
185.817612 -53.520214
185.884369 -53.540627
185.951126 -53.561039
186.017883 -53.581451
186.084641 -53.601864
186.151398 -53.622276
186.218155 -53.642689
186.418442 -53.703922
186.451843 -53.714054
186.552048 -53.744453
186.585403 -53.754730
186.652069 -53.775433
186.718735 -53.796135
186.785400 -53.816837
186.852066 -53.837540
186.918732 -53.858242
186.985397 -53.878944
187.052063 -53.899647
187.118729 -53.920349
187.185394 -53.941051
187.252060 -53.961754
187.318726 -53.982456
187.385391 -54.003159
187.452057 -54.023861
187.552002 -54.055134
187.585312 -54.065559
187.685257 -54.096832
187.751846 -54.117825
187.818436 -54.138817
187.851700 -54.149387
187.918182 -54.170670
187.984665 -54.191952
188.051147 -54.213234
188.117630 -54.234516
188.184113 -54.255798
188.250595 -54.277081
188.317078 -54.298363
188.383560 -54.319645
188.483231 -54.351788
188.516449 -54.362503
188.616119 -54.394646
188.715790 -54.426788
188.749008 -54.437504
188.848679 -54.469646
188.881897 -54.480362
188.981567 -54.512505
189.014786 -54.523220
189.081177 -54.544792
189.147568 -54.566364
189.280365 -54.609512
189.313538 -54.620373
189.413055 -54.652950
189.446228 -54.663811
189.545746 -54.696388
189.711624 -54.750683
189.844223 -54.794407
189.877350 -54.805412
189.976730 -54.838425
190.009857 -54.849430
190.109238 -54.882442
190.142365 -54.893448
190.274780 -54.937752
190.274780 -54.937752
190.407196 -54.982056
190.440277 -54.993202
190.539505 -55.026646
190.605713 -55.048798
190.671921 -55.070950
190.771149 -55.104393
190.837250 -55.126835
190.903351 -55.149277
190.969452 -55.171719
191.035553 -55.194160
191.101654 -55.216602
191.167755 -55.239044
191.233856 -55.261486
191.332947 -55.295364
191.365982 -55.306656
191.465073 -55.340534
191.531082 -55.363262
191.597092 -55.385990
191.663101 -55.408718
191.762192 -55.442596
191.795227 -55.453888
191.927246 -55.499348
191.927246 -55.499348
192.059265 -55.544807
192.092239 -55.556244
192.191177 -55.590553
192.224152 -55.601990
192.323090 -55.636299
192.356064 -55.647736
192.487885 -55.693768
192.553787 -55.716785
192.619690 -55.739803
192.718475 -55.774544
192.751404 -55.786125
192.850189 -55.820866
192.916000 -55.844170
193.014786 -55.878910
193.377014 -56.006294
193.475647 -56.041466
193.541351 -56.065056
193.607056 -56.088646
193.672760 -56.112236
193.738464 -56.135826
193.804169 -56.159416
193.902802 -56.194588
193.968613 -56.217892
194.067245 -56.253063
194.132950 -56.276653
194.198654 -56.300243
194.264359 -56.323833
194.330063 -56.347424
194.395767 -56.371014
194.461472 -56.394604
194.527176 -56.418194
194.625809 -56.453365
194.658737 -56.464947
194.757523 -56.499687
194.790451 -56.511269
194.889236 -56.546009
194.922165 -56.557590
195.020950 -56.592331
195.053879 -56.603912
195.185699 -56.649944
195.185699 -56.649944
195.317520 -56.695976
195.383423 -56.718994
195.449326 -56.742012
195.515228 -56.765030
195.581131 -56.788048
195.647034 -56.811066
195.712936 -56.834084
195.811874 -56.868393
195.877884 -56.891121
195.943893 -56.913849
196.009903 -56.936577
196.075912 -56.959305
196.141922 -56.982033
196.207932 -57.004761
196.273941 -57.027489
196.373032 -57.061367
196.406067 -57.072659
196.505157 -57.106537
196.571259 -57.128979
196.637360 -57.151421
196.802505 -57.207882
196.901596 -57.241760
196.934631 -57.253052
197.033722 -57.286930
197.099823 -57.309372
197.165924 -57.331814
197.232025 -57.354256
197.298126 -57.376698
197.364227 -57.399139
197.430328 -57.421581
197.496429 -57.444023
197.562531 -57.466465
197.628632 -57.488907
197.694733 -57.511349
197.760834 -57.533791
197.826935 -57.556232
197.893036 -57.578674
197.959137 -57.601116
198.025238 -57.623558
198.091339 -57.646000
198.157440 -57.668442
198.223541 -57.690884
198.289642 -57.713326
198.355743 -57.735767
198.421844 -57.758209
198.487946 -57.780651
198.554047 -57.803093
198.620148 -57.825535
198.686249 -57.847977
198.752350 -57.870419
198.818451 -57.892860
198.884552 -57.915302
198.950653 -57.937744
199.016754 -57.960186
199.082855 -57.982628
199.148956 -58.005070
199.215057 -58.027512
199.314148 -58.061390
199.380157 -58.084118
199.446167 -58.106846
199.512177 -58.129574
199.578186 -58.152302
199.644196 -58.175030
199.710205 -58.197758
199.776215 -58.220486
199.875153 -58.254795
200.072876 -58.323845
200.105850 -58.335281
200.204788 -58.369591
200.270691 -58.392609
200.336594 -58.415627
200.402496 -58.438644
200.468399 -58.461662
200.534302 -58.484680
200.600204 -58.507698
200.666107 -58.530716
200.765045 -58.565025
200.798019 -58.576462
200.896957 -58.610771
200.929932 -58.622208
201.028870 -58.656517
201.061844 -58.667953
201.160782 -58.702263
201.259720 -58.736572
201.325623 -58.759590
201.391525 -58.782608
201.457428 -58.805626
201.523331 -58.828644
201.589233 -58.851662
201.655136 -58.874680
201.721039 -58.897697
201.819977 -58.932007
201.852951 -58.943443
201.984772 -58.989475
202.017746 -59.000912
202.116684 -59.035221
202.182587 -59.058239
202.248489 -59.081257
202.314392 -59.104275
202.380295 -59.127293
202.446198 -59.150311
202.545135 -59.184620
202.611145 -59.207348
202.677155 -59.230076
202.743164 -59.252804
202.842102 -59.287113
202.875076 -59.298550
202.974014 -59.332859
203.039917 -59.355877
203.138855 -59.390186
203.204865 -59.412914
203.270874 -59.435642
203.336884 -59.458370
203.534912 -59.526558
203.600922 -59.549286
203.666931 -59.572014
203.732941 -59.594742
203.798950 -59.617470
203.864960 -59.640198
203.930969 -59.662926
203.996979 -59.685654
204.062988 -59.708382
204.162079 -59.742260
204.195114 -59.753551
204.294205 -59.787430
204.327240 -59.798721
204.426331 -59.832600
204.525421 -59.866478
204.558456 -59.877769
204.657547 -59.911648
204.723557 -59.934376
204.822647 -59.968254
204.855682 -59.979546
204.954773 -60.013424
204.987808 -60.024715
205.086899 -60.058594
205.153000 -60.081036
205.219101 -60.103477
205.285202 -60.125919
205.351303 -60.148361
205.417404 -60.170803
205.549622 -60.215683
205.582703 -60.226830
205.681931 -60.260273
205.748032 -60.282715
205.814133 -60.305157
205.880234 -60.327599
205.946335 -60.350040
206.012436 -60.372482
206.111664 -60.405926
206.144745 -60.417072
206.243973 -60.450516
206.310181 -60.472668
206.376389 -60.494820
206.442596 -60.516972
206.508804 -60.539124
206.608185 -60.572136
206.674484 -60.593998
206.740784 -60.615860
206.873383 -60.659584
207.005981 -60.703308
207.039154 -60.714169
207.105545 -60.735741
207.171936 -60.757313
207.271454 -60.789890
207.304626 -60.800751
207.371017 -60.822323
207.437408 -60.843895
207.537079 -60.876038
207.603561 -60.897320
207.670044 -60.918602
207.736526 -60.939884
207.803009 -60.961166
207.869492 -60.982449
207.935974 -61.003731
208.035782 -61.035439
208.102371 -61.056431
208.168961 -61.077423
208.235550 -61.098415
208.302139 -61.119408
208.368729 -61.140400
208.435318 -61.161392
208.501907 -61.182384
208.601852 -61.213657
208.635162 -61.224083
208.735107 -61.255356
208.768417 -61.265781
208.868362 -61.297054
208.935028 -61.317757
209.001694 -61.338459
209.068359 -61.359161
209.135025 -61.379864
209.201691 -61.400566
209.268356 -61.421268
209.335022 -61.441971
209.401688 -61.462673
209.468353 -61.483376
209.535019 -61.504078
209.601685 -61.524780
209.668350 -61.545483
209.768433 -61.576317
209.801788 -61.586594
209.901871 -61.617428
209.968628 -61.637840
210.035385 -61.658253
210.102142 -61.678665
210.302429 -61.739899
210.369186 -61.760311
210.435944 -61.780724
210.502701 -61.801136
210.569458 -61.821548
210.636215 -61.841961
210.736298 -61.872795
210.769653 -61.883072
210.869736 -61.913906
210.936401 -61.934608
211.003067 -61.955311
211.069733 -61.976013
211.136398 -61.996716
211.203064 -62.017418
211.269730 -62.038120
211.336395 -62.058823
211.403061 -62.079525
211.469727 -62.100227
211.536392 -62.120930
211.603058 -62.141632
211.669724 -62.162334
211.736389 -62.183037
211.803055 -62.203739
211.869720 -62.224442
211.936386 -62.245144
212.036469 -62.275978
212.069824 -62.286255
212.169907 -62.317089
212.203262 -62.327366
212.303345 -62.358200
212.336700 -62.368477
212.436783 -62.399311
212.503540 -62.419724
212.570297 -62.440136
212.637054 -62.460548
212.703812 -62.480961
212.770569 -62.501373
212.837326 -62.521786
212.904083 -62.542198
212.970840 -62.562611
213.071045 -62.593010
213.137894 -62.613129
213.238098 -62.643528
213.304855 -62.663940
213.371613 -62.684353
213.404968 -62.694630
213.538315 -62.736034
213.704880 -62.788155
213.771469 -62.809147
213.838058 -62.830139
213.937866 -62.861847
214.004349 -62.883129
214.070831 -62.904411
214.104050 -62.915127
214.170441 -62.936699
214.236832 -62.958271
214.336349 -62.990849
214.435867 -63.023426
214.469040 -63.034286
214.535339 -63.056149
214.601639 -63.078011
214.701019 -63.111023
214.734146 -63.122028
214.833527 -63.155041
214.899734 -63.177193
214.965942 -63.199345
215.032150 -63.221497
215.098358 -63.243649
215.164566 -63.265800
215.263794 -63.299244
215.329895 -63.321686
215.395996 -63.344128
215.462097 -63.366570
215.528198 -63.389011
215.594299 -63.411453
215.693390 -63.445332
215.759399 -63.468060
215.825409 -63.490788
215.891418 -63.513515
215.957428 -63.536243
216.023438 -63.558971
216.089447 -63.581699
216.155457 -63.604427
216.221466 -63.627155
216.320404 -63.661465
216.353333 -63.673046
216.452118 -63.707787
216.485046 -63.719368
216.583832 -63.754108
216.616760 -63.765690
216.682571 -63.788994
216.748383 -63.812298
216.847015 -63.847469
217.011414 -63.906090
217.110046 -63.941261
217.175751 -63.964851
217.208633 -63.976574
217.274445 -63.999878
217.340256 -64.023186
217.439041 -64.057930
217.504944 -64.080948
217.570847 -64.103966
217.636749 -64.126984
217.702652 -64.150002
217.768555 -64.173019
217.834457 -64.196037
217.900360 -64.219055
217.999298 -64.253365
218.032272 -64.264801
218.131210 -64.299110
218.197220 -64.321838
218.263229 -64.344566
218.329239 -64.367294
218.395248 -64.390022
218.494339 -64.423897
218.560440 -64.446335
218.626541 -64.468773
218.692642 -64.491211
218.758743 -64.513649
218.824844 -64.536087
218.890945 -64.558525
218.990173 -64.591972
219.056381 -64.614128
219.122589 -64.636284
219.188797 -64.658440
219.255005 -64.680595
219.321213 -64.702751
219.420593 -64.735764
219.486893 -64.757629
219.586273 -64.790642
219.652481 -64.812798
219.718689 -64.834953
219.818069 -64.867966
219.884369 -64.889832
219.950668 -64.911697
220.016968 -64.933563
220.083267 -64.955429
220.149567 -64.977295
220.282166 -65.021019
220.282166 -65.021019
220.547379 -65.108467
220.613678 -65.130333
220.679977 -65.152199
220.746277 -65.174065
220.812576 -65.195930
220.912094 -65.228508
220.945267 -65.239365
221.044785 -65.271942
221.077957 -65.282799
221.177475 -65.315376
221.210648 -65.326233
221.310165 -65.358810
221.376556 -65.380386
221.442947 -65.401962
221.509338 -65.423538
221.575729 -65.445114
221.642120 -65.466690
221.708511 -65.488266
221.774902 -65.509842
221.841293 -65.531418
221.907684 -65.552994
221.974075 -65.574570
222.040466 -65.596146
222.106857 -65.617722
222.173248 -65.639297
222.239639 -65.660873
222.306030 -65.682449
222.405701 -65.714592
222.472183 -65.735878
222.538666 -65.757164
222.605148 -65.778450
222.671631 -65.799736
222.738113 -65.821022
222.837784 -65.853165
222.871002 -65.863876
222.970673 -65.896019
223.037064 -65.917595
223.103455 -65.939171
223.169846 -65.960747
223.236237 -65.982323
223.302628 -66.003899
223.402298 -66.036041
223.435516 -66.046753
223.501907 -66.068329
223.634705 -66.111473
223.667877 -66.122330
223.833511 -66.177345
223.932739 -66.210793
223.965775 -66.222084
224.031784 -66.244812
224.130722 -66.279121
224.163651 -66.290703
224.262436 -66.325447
224.295364 -66.337029
224.361176 -66.360336
224.426987 -66.383644
224.525620 -66.418816
224.591324 -66.442406
224.657028 -66.465996
224.722733 -66.489586
224.821213 -66.525185
224.886810 -66.549065
224.952408 -66.572945
225.050735 -66.608978
225.083466 -66.621132
225.181641 -66.657593
225.214371 -66.669746
225.345154 -66.718643
225.345154 -66.718643
225.475937 -66.767540
225.508606 -66.779839
225.606613 -66.816727
225.639282 -66.829025
225.737289 -66.865913
225.769958 -66.878212
225.900528 -66.927681
225.933197 -66.939980
226.031204 -66.976868
226.096497 -67.001602
226.161789 -67.026337
226.227081 -67.051071
226.292374 -67.075806
226.357666 -67.100540
226.455505 -67.137856
226.520676 -67.162872
226.585846 -67.187889
226.651016 -67.212906
226.716187 -67.237923
226.814026 -67.275238
226.846634 -67.287674
226.976990 -67.337715
227.009552 -67.350296
227.107239 -67.388039
227.302765 -67.463097
227.400452 -67.500839
227.433014 -67.513420
227.530701 -67.551163
227.595764 -67.576469
227.693451 -67.614212
227.726013 -67.626793
227.823700 -67.664536
227.888870 -67.689552
227.986557 -67.727295
228.019119 -67.739876
228.116806 -67.777618
228.181870 -67.802925
228.246933 -67.828232
228.311996 -67.853539
228.377060 -67.878845
228.442123 -67.904152
228.507187 -67.929459
228.572250 -67.954765
228.669937 -67.992508
228.702499 -68.005089
228.800186 -68.042831
228.897873 -68.080574
228.962936 -68.105881
229.028000 -68.131187
229.093063 -68.156494
229.158127 -68.181801
229.223190 -68.207108
229.320877 -68.244850
229.353439 -68.257431
229.451126 -68.295174
229.483688 -68.307755
229.581375 -68.345497
229.646545 -68.370514
229.744232 -68.408257
229.776794 -68.420837
229.874481 -68.458580
229.939545 -68.483887
230.004608 -68.509193
230.069672 -68.534500
230.167358 -68.572243
230.232529 -68.597260
230.297699 -68.622276
230.362869 -68.647293
230.428040 -68.672310
230.493210 -68.697327
230.688736 -68.772385
230.753906 -68.797401
230.819077 -68.822418
230.884247 -68.847435
230.949417 -68.872452
231.047256 -68.909767
231.112549 -68.934502
231.177841 -68.959236
231.243134 -68.983971
231.308426 -69.008705
231.373718 -69.033440
231.439011 -69.058174
231.504303 -69.082909
231.569595 -69.107643
231.634888 -69.132378
231.732895 -69.169266
231.765564 -69.181564
231.863571 -69.218452
231.928970 -69.242905
231.994370 -69.267357
232.059769 -69.291809
232.125168 -69.316261
232.223175 -69.353149
232.255844 -69.365448
232.386627 -69.414345
232.419296 -69.426643
232.517303 -69.463531
232.582703 -69.487984
232.648102 -69.512436
232.713501 -69.536888
232.778900 -69.561340
232.844299 -69.585793
232.909698 -69.610245
232.975098 -69.634697
233.040497 -69.659149
233.105896 -69.683601
233.204071 -69.720062
233.236801 -69.732216
233.334976 -69.768677
233.400467 -69.792839
233.465958 -69.817001
233.531448 -69.841164
233.596939 -69.865326
233.662430 -69.889488
233.727921 -69.913651
233.793411 -69.937813
233.858902 -69.961975
234.022781 -70.022026
234.121109 -70.058060
234.153885 -70.070068
234.252213 -70.106102
234.284988 -70.118111
234.383316 -70.154144
234.448807 -70.178307
234.514297 -70.202469
234.579788 -70.226631
234.645279 -70.250793
234.710770 -70.274956
234.776260 -70.299118
234.841751 -70.323280
234.907242 -70.347443
234.972733 -70.371605
235.038223 -70.395767
235.103714 -70.419930
235.169205 -70.444092
235.234695 -70.468254
235.333023 -70.504288
235.365799 -70.516296
235.464127 -70.552330
235.496902 -70.564339
235.595230 -70.600372
235.628006 -70.612381
235.726334 -70.648415
235.759109 -70.660423
235.857437 -70.696457
235.890213 -70.708466
236.021210 -70.756790
236.053986 -70.768799
236.152313 -70.804832
236.185089 -70.816841
236.283417 -70.852875
236.316193 -70.864883
236.414520 -70.900917
236.480011 -70.925079
236.545502 -70.949242
236.643829 -70.985275
236.709427 -71.009155
236.775024 -71.033035
236.840622 -71.056915
236.938950 -71.092949
237.004440 -71.117111
237.069931 -71.141273
237.135422 -71.165436
237.331909 -71.237923
237.462906 -71.286247
237.495682 -71.298256
237.594009 -71.334290
237.659500 -71.358452
237.724991 -71.382614
237.790482 -71.406776
237.888809 -71.442810
237.954407 -71.466690
238.020004 -71.490570
238.085602 -71.514450
238.183929 -71.550484
238.249420 -71.574646
238.314911 -71.598808
238.380402 -71.622971
238.445892 -71.647133
238.511383 -71.671295
238.576874 -71.695457
238.642365 -71.719620
238.740692 -71.755653
238.773468 -71.767662
238.904465 -71.815987
238.904465 -71.815987
239.035461 -71.864311
239.100952 -71.888474
239.166443 -71.912636
239.231934 -71.936798
239.297424 -71.960960
239.362915 -71.985123
239.428406 -72.009285
239.493896 -72.033447
239.559387 -72.057610
239.624878 -72.081772
239.690369 -72.105934
239.755859 -72.130096
239.821350 -72.154259
239.952347 -72.202583
239.985077 -72.214737
240.083252 -72.251198
240.115982 -72.263351
240.214157 -72.299812
240.279648 -72.323975
240.345139 -72.348137
240.410629 -72.372299
240.508804 -72.408760
240.574203 -72.433212
240.639603 -72.457664
240.835785 -72.531013
240.901184 -72.555466
240.966583 -72.579918
241.031982 -72.604370
241.097382 -72.628822
241.228165 -72.677719
241.293564 -72.702171
241.358963 -72.726624
241.424362 -72.751076
241.489761 -72.775528
241.587769 -72.812416
241.653061 -72.837151
241.718353 -72.861885
241.783646 -72.886620
241.848938 -72.911354
241.946945 -72.948242
242.012344 -72.972694
242.077744 -72.997147
242.175751 -73.034035
242.241043 -73.058769
242.306335 -73.083504
242.371628 -73.108238
242.436920 -73.132973
242.502213 -73.157707
242.600220 -73.194595
242.632889 -73.206894
242.763458 -73.256363
242.763458 -73.256363
242.894028 -73.305832
242.959320 -73.330566
243.024612 -73.355301
243.089905 -73.380035
243.155197 -73.404770
243.220490 -73.429504
243.318329 -73.466820
243.416168 -73.504135
243.448776 -73.516571
243.546616 -73.553886
243.579224 -73.566322
243.677063 -73.603638
243.742355 -73.628372
243.840195 -73.665688
243.872803 -73.678123
243.970642 -73.715439
244.035812 -73.740456
244.100983 -73.765472
244.296509 -73.840530
244.361679 -73.865547
244.426849 -73.890564
244.492020 -73.915581
244.557190 -73.940598
244.654877 -73.978340
244.687439 -73.990921
244.785126 -74.028664
244.850189 -74.053970
244.915253 -74.079277
244.980316 -74.104584
245.045380 -74.129890
245.110443 -74.155197
245.175507 -74.180504
245.305634 -74.231110
245.305634 -74.231110
245.435760 -74.281715
245.435760 -74.281715
245.565887 -74.332321
245.598389 -74.345047
245.695908 -74.383217
245.728409 -74.395943
245.825928 -74.434113
245.890991 -74.459419
245.956055 -74.484726
246.021118 -74.510033
246.086182 -74.535339
246.151245 -74.560646
246.248764 -74.598816
246.313721 -74.624405
246.378677 -74.649994
246.443634 -74.675583
246.508591 -74.701172
246.573547 -74.726761
246.638504 -74.752350
246.703461 -74.777939
246.800812 -74.816528
246.833267 -74.829391
246.930618 -74.867981
246.995468 -74.893852
247.060318 -74.919724
247.092712 -74.932732
247.189896 -74.971748
247.254745 -74.997620
247.319595 -75.023491
247.384445 -75.049362
247.449295 -75.075233
247.676041 -75.166275
247.740768 -75.192429
247.805496 -75.218582
247.870224 -75.244736
247.934952 -75.270889
247.999680 -75.297043
248.064407 -75.323196
248.129135 -75.349350
248.193863 -75.375504
248.258591 -75.401657
248.355774 -75.440674
248.420624 -75.466545
248.485474 -75.492416
248.550323 -75.518288
248.615173 -75.544159
248.680023 -75.570030
248.744873 -75.595901
248.842224 -75.634491
248.907181 -75.660080
248.972137 -75.685669
249.037094 -75.711258
249.102051 -75.736847
249.199570 -75.775017
249.264633 -75.800323
249.329697 -75.825630
249.394760 -75.850937
249.459824 -75.876244
249.557510 -75.913986
249.590073 -75.926567
249.687759 -75.964310
249.752930 -75.989326
249.818100 -76.014343
249.883270 -76.039360
250.013626 -76.089401
250.046234 -76.101837
250.144073 -76.139153
250.176682 -76.151588
250.274521 -76.188904
250.307129 -76.201340
250.437698 -76.250809
250.470367 -76.263107
250.568375 -76.299995
250.601044 -76.312294
250.699051 -76.349182
250.764450 -76.373634
250.829941 -76.397797
250.895432 -76.421959
251.091919 -76.494446
251.157410 -76.518608
251.255737 -76.554642
251.288513 -76.566650
251.386841 -76.602684
251.452438 -76.626564
251.518036 -76.650444
251.583633 -76.674324
251.682114 -76.709923
251.747818 -76.733513
251.813522 -76.757103
251.879227 -76.780693
251.944931 -76.804283
252.010635 -76.827873
252.109268 -76.863045
252.175079 -76.886353
252.240891 -76.909660
252.306702 -76.932968
252.372513 -76.956276
252.438324 -76.979584
252.569946 -77.026192
252.602875 -77.037773
252.701660 -77.072517
252.767471 -77.095825
252.866257 -77.130569
252.932159 -77.153587
252.998062 -77.176605
253.063965 -77.199623
253.129868 -77.222641
253.228806 -77.256950
253.294815 -77.279678
253.360825 -77.302406
253.426834 -77.325134
253.492844 -77.347862
253.624863 -77.393318
253.657898 -77.404610
253.756989 -77.438484
253.790024 -77.449776
253.889114 -77.483650
253.988205 -77.517525
254.054306 -77.539963
254.120407 -77.562401
254.186508 -77.584839
254.252609 -77.607277
254.351837 -77.640724
254.418045 -77.662880
254.583679 -77.717896
254.683060 -77.750908
254.716187 -77.761909
254.815567 -77.794922
254.848694 -77.805923
254.948074 -77.838936
254.981201 -77.849937
255.113800 -77.893661
255.113800 -77.893661
255.246399 -77.937386
255.312698 -77.959251
255.378998 -77.981117
255.445297 -78.002983
255.511597 -78.024849
255.611115 -78.057426
255.644287 -78.068283
255.743805 -78.100861
255.810196 -78.122437
255.876587 -78.144012
255.942978 -78.165588
256.009369 -78.187164
256.075775 -78.208740
256.142181 -78.230316
256.208588 -78.251892
256.308258 -78.284035
256.374756 -78.305321
256.441254 -78.326607
256.507751 -78.347893
256.574249 -78.369179
256.640747 -78.390465
256.707245 -78.411751
256.773743 -78.433037
256.840240 -78.454323
256.906738 -78.475609
257.006531 -78.507317
257.039795 -78.517883
257.139587 -78.549591
257.206177 -78.570587
257.305969 -78.602295
257.339233 -78.612862
257.439026 -78.644569
257.472290 -78.655136
257.572083 -78.686844
257.605347 -78.697411
257.738525 -78.739395
257.805115 -78.760391
257.871704 -78.781387
258.337769 -78.928337
258.437714 -78.959610
258.471039 -78.970032
258.570984 -79.001305
258.637665 -79.022011
258.704346 -79.042717
258.771027 -79.063423
258.837708 -79.084129
258.904388 -79.104836
259.004333 -79.136108
259.037659 -79.146530
259.137604 -79.177803
259.170929 -79.188225
259.270874 -79.219498
259.304199 -79.229919
259.404144 -79.261192
259.437469 -79.271614
259.537415 -79.302887
259.604004 -79.323883
259.703949 -79.355156
259.770630 -79.375862
259.837311 -79.396568
259.903992 -79.417274
259.970673 -79.437981
260.037354 -79.458687
260.104034 -79.479393
260.170715 -79.500099
260.237396 -79.520805
260.304077 -79.541512
260.370758 -79.562218
260.437439 -79.582924
260.504120 -79.603630
260.604065 -79.634903
260.637390 -79.645325
260.737335 -79.676598
260.803925 -79.697594
260.870514 -79.718590
260.937103 -79.739586
261.003693 -79.760582
261.070282 -79.781578
261.136871 -79.802574
261.203461 -79.823570
261.303253 -79.855278
261.336517 -79.865845
261.436310 -79.897552
261.502808 -79.918839
261.702271 -79.982689
261.735535 -79.993256
261.835327 -80.024963
261.935120 -80.056671
262.001709 -80.077667
262.068298 -80.098663
262.134888 -80.119659
262.201477 -80.140656
262.268066 -80.161652
262.334656 -80.182648
262.401245 -80.203644
262.467834 -80.224640
262.534424 -80.245636
262.601013 -80.266632
262.667603 -80.287628
262.734192 -80.308624
262.800781 -80.329620
262.867371 -80.350616
262.933960 -80.371613
263.000549 -80.392609
263.067139 -80.413605
263.133728 -80.434601
263.200317 -80.455597
263.300110 -80.487305
263.333374 -80.497871
263.433167 -80.529579
263.499664 -80.550865
263.566162 -80.572151
263.632660 -80.593437
263.699158 -80.614723
263.798950 -80.646431
263.832214 -80.656998
263.965179 -80.699562
263.998444 -80.710129
264.098236 -80.741837
264.164734 -80.763123
264.231232 -80.784409
264.297729 -80.805695
264.364227 -80.826981
264.430725 -80.848267
264.563690 -80.890831
264.630188 -80.912117
264.696686 -80.933403
264.763184 -80.954689
264.829681 -80.975975
264.896179 -80.997261
264.995850 -81.029404
265.195038 -81.094124
265.261444 -81.115700
265.327850 -81.137276
265.427521 -81.169418
265.460754 -81.180130
265.593536 -81.223274
265.659943 -81.244850
265.726349 -81.266426
265.792755 -81.288002
265.859161 -81.309578
265.925568 -81.331154
266.025085 -81.363731
266.058258 -81.374588
266.157776 -81.407166
266.224091 -81.429031
266.323608 -81.461609
266.390015 -81.483185
266.456421 -81.504761
266.522827 -81.526337
266.589233 -81.547913
266.655640 -81.569489
266.755157 -81.602066
266.788330 -81.612923
266.887848 -81.645500
266.954163 -81.667366
267.020477 -81.689232
267.086792 -81.711098
267.153107 -81.732964
267.219421 -81.754829
267.318787 -81.787842
267.351898 -81.798843
267.484497 -81.842567
267.517609 -81.853569
267.616974 -81.886581
267.650085 -81.897583
267.782501 -81.941887
267.815613 -81.952888
267.914978 -81.985901
267.981171 -82.008057
268.047363 -82.030212
268.113556 -82.052368
268.179749 -82.074524
268.245941 -82.096680
268.345184 -82.130127
268.411285 -82.152565
268.510529 -82.186012
268.675934 -82.241753
268.775177 -82.275200
268.841370 -82.297356
268.907562 -82.319511
268.973755 -82.341667
269.072998 -82.375114
269.139099 -82.397552
269.205200 -82.419991
269.271301 -82.442429
269.370392 -82.476303
269.403412 -82.487595
269.502502 -82.521469
269.568512 -82.544197
269.634521 -82.566925
269.700531 -82.589653
269.766541 -82.612381
269.832550 -82.635109
269.931488 -82.669418
269.964417 -82.681000
270.030212 -82.704308
270.096008 -82.727615
270.161804 -82.750923
270.227600 -82.774231
270.293396 -82.797539
270.359192 -82.820847
270.424988 -82.844154
270.457855 -82.855881
270.556488 -82.891052
270.589355 -82.902779
270.687836 -82.938377
270.720673 -82.950241
270.819153 -82.985840
270.851990 -82.997704
270.950470 -83.033302
271.016083 -83.057182
271.081696 -83.081062
271.147308 -83.104942
271.212921 -83.128822
271.278534 -83.152702
271.344147 -83.176582
271.442474 -83.212616
271.475250 -83.224625
271.573578 -83.260658
271.639069 -83.284821
271.737396 -83.320854
271.803009 -83.344734
271.868622 -83.368614
272.065430 -83.440247
272.163757 -83.476280
272.229248 -83.500443
272.294739 -83.524605
272.360229 -83.548767
272.458405 -83.585228
272.523804 -83.609680
272.589203 -83.634132
272.654602 -83.658585
272.720001 -83.683037
272.818024 -83.719925
272.850708 -83.732224
272.948730 -83.769112
272.981415 -83.781410
273.112213 -83.830307
273.112213 -83.830307
273.210388 -83.866768
273.275879 -83.890930
273.341370 -83.915092
273.406860 -83.939255
273.472351 -83.963417
273.537842 -83.987579
273.636169 -84.023613
273.668945 -84.035622
273.767273 -84.071655
273.832886 -84.095535
273.898499 -84.119415
273.964111 -84.143295
274.029724 -84.167175
274.095337 -84.191055
274.193817 -84.226654
274.259521 -84.250244
274.325226 -84.273834
274.390930 -84.297424
274.456635 -84.321014
274.555267 -84.356186
274.621063 -84.379494
274.686859 -84.402802
274.752655 -84.426109
274.818451 -84.449417
274.884247 -84.472725
275.015869 -84.519333
275.015869 -84.519333
275.147491 -84.565941
275.213287 -84.589249
275.279083 -84.612556
275.476501 -84.682472
275.542297 -84.705780
275.608093 -84.729088
275.673889 -84.752396
275.739685 -84.775703
275.838470 -84.810448
275.904388 -84.833466
275.970306 -84.856483
276.069092 -84.891228
276.102020 -84.902809
276.233826 -84.948845
276.299744 -84.971863
276.365662 -84.994881
276.431580 -85.017899
276.497498 -85.040916
276.563416 -85.063934
276.662354 -85.098244
276.728363 -85.120972
276.794373 -85.143700
276.860382 -85.166428
276.926392 -85.189156
276.992401 -85.211884
277.124420 -85.257339
277.190430 -85.280067
277.256439 -85.302795
277.322449 -85.325523
277.388458 -85.348251
277.454468 -85.370979
277.553558 -85.404854
277.619659 -85.427292
277.685760 -85.449730
277.751862 -85.472168
277.817963 -85.494606
277.884064 -85.517044
277.983307 -85.550491
278.082550 -85.583939
278.148651 -85.606377
278.214752 -85.628815
278.280853 -85.651253
278.380096 -85.684700
278.446289 -85.706856
278.512482 -85.729012
278.578674 -85.751167
278.644867 -85.773323
278.711060 -85.795479
278.810425 -85.828491
278.876740